0.17216222369705902 0.7816512183191293
0.1345730001491956 0.7958847146722212 0-0 0.1533676119231273 0.7887679664956753 1.35

0.9879491932010873 0.7976612476849793
0.993011313365698 0.8060305681959494 1-0 0.9904802532833927 0.8018459079404643 0.34

0.5890221931566118 0.971551915246698
0.6112464803567257 0.9510247115084642 2-0 0.6001343367566687 0.9612883133775811 1.02

0.8970637162767595 0.0800451078081359
0.837916234099668 0.08281555287227826 3-0 0.8674899751882137 0.08143033034020708 1.99

0.3263785725130105 0.40891482453796724
0.2554467885118804 0.4046277363950329 4-0 0.29091268051244545 0.4067712804665001 2.38

0.03572146382009833 0.28374504731775185
0.06563796555284973 0.3424831782813561 5-0 0.05067971468647403 0.313114112799554 2.21

0.25461220531606565 0.8019080417021309
0.3397436100616231 0.8904262440786755 6-0 0.2971779076888444 0.8461671428904032 4.11

0.3263785725130105 0.40891482453796724
0.533449607576821 0.5016021233404353 7-0 0.42991409004491576 0.45525847393920127 7.57

0.40361480328622423 0.5857336555240756
0.533449607576821 0.5016021233404353 7-0 0.46853220543152263 0.5436678894322555 5.17

0.9667113233587299 0.11969546260455721
0.533449607576821 0.5016021233404353 7-0 0.7500804654677755 0.31064879297249626 19.26

0.6841545246052007 0.686098021176821
0.533449607576821 0.5016021233404353 7-0 0.6088020660910108 0.5938500722586282 7.95

0.6981090516829385 0.42389410283588624
0.533449607576821 0.5016021233404353 7-0 0.6157793296298797 0.4627481130881608 6.08

0.07243587865335721 0.6064208651401486
0.04520747664333624 0.6154392806325457 8-0 0.058821677648346726 0.6109300728863472 0.97

0.8425058394254774 0.528029845278565
0.8348493494337453 0.42885919257052885 9-0 0.8386775944296114 0.4784445189245469 3.33

0.7102665797273109 0.1748980834425703
0.719267946533175 0.13922285076981056 10-0 0.714767263130243 0.15706046710619043 1.24

0.6838578025347787 0.5906331728176955
0.6897928773184445 0.6017838451608858 11-0 0.6868253399266115 0.5962085089892906 0.43

0.25461220531606565 0.8019080417021309
0.23396008206834007 0.7885448438273321 12-0 0.24428614369220286 0.7952264427647315 0.83

0.1905393446764997 0.08649943632974444
0.24050531878151538 0.13301858455128324 13-0 0.21552233172900753 0.10975901044051384 2.29

0.1475969686210341 0.48604260973955815
0.1840922055718226 0.46151840039106606 14-0 0.16584458709642835 0.4737805050653121 1.52

0.17216222369705902 0.7816512183191293
0.25461220531606565 0.8019080417021309 15-0 0.21338721450656234 0.7917796300106301 2.84

0.23396008206834007 0.7885448438273321
0.25461220531606565 0.8019080417021309 15-0 0.24428614369220286 0.7952264427647315 0.83

0.3397436100616231 0.8904262440786755
0.25461220531606565 0.8019080417021309 15-0 0.2971779076888444 0.8461671428904032 4.11

0.31448016567392445 0.6060509441004132
0.2595933501657143 0.6215175528221509 16-0 0.28703675791981936 0.6137842484612821 1.91

0.07243587865335721 0.6064208651401486
0.0976805755237462 0.5640934200867727 17-0 0.08505822708855171 0.5852571426134606 1.66

0.5333382354675394 0.16650026467148826
0.5022766134284874 0.2587374401674619 18-0 0.5178074244480134 0.2126188524194751 3.26

0.4781119020857163 0.41966619939557404
0.47886293260310087 0.3799631913379654 19-0 0.4784874173444086 0.3998146953667697 1.34

0.3422211216566857 0.6620444048645822
0.31448016567392445 0.6060509441004132 20-0 0.3283506436653051 0.6340476744824977 2.1

0.2595933501657143 0.6215175528221509
0.31448016567392445 0.6060509441004132 20-0 0.28703675791981936 0.6137842484612821 1.91

0.41417396032996323 0.14167175305746382
0.39618801338161747 0.10222506057416625 21-0 0.40518098685579035 0.12194840681581504 1.46

0.02584178610058685 0.47729070564248954
0.02552479030305488 0.43585226558487977 22-0 0.025683288201820864 0.45657148561368466 1.39

0.40361480328622423 0.5857336555240756
0.4121443095270111 0.5935276636745004 23-0 0.40787955640661766 0.589630659599288 0.4

0.6630442087962294 0.8130751172332825
0.5416532166243675 0.8358671327941276 24-0 0.6023487127102984 0.8244711250137051 4.13

0.3746576883092806 0.20713727229668333
0.37555370852218173 0.20697583776850692 25-0 0.37510569841573116 0.20705655503259512 0.04

0.1475969686210341 0.48604260973955815
0.10609306962372977 0.4644485822150416 26-0 0.12684501912238194 0.4752455959772999 1.57

0.953532195456193 0.2770039060562064
0.9723338053963437 0.25554570357475137 27-0 0.9629330004262684 0.2662748048154789 0.96

0.43737274831644224 0.36159194579302667
0.4781119020857163 0.41966619939557404 28-0 0.45774232520107927 0.39062907259430035 2.38

0.47886293260310087 0.3799631913379654
0.4781119020857163 0.41966619939557404 28-0 0.4784874173444086 0.3998146953667697 1.34

0.017728023641039314 0.1531418135667556
0.03559985128698484 0.12082120422796905 29-0 0.026663937464012077 0.13698150889736233 1.24

0.8970637162767595 0.0800451078081359
0.9034091494957232 0.021535507362938078 30-0 0.9002364328862413 0.05079030758553699 2.09

0.3333602900852055 0.2479703422954932
0.3746576883092806 0.20713727229668333 31-0 0.35400898919724305 0.22755380729608826 1.95

0.37555370852218173 0.20697583776850692
0.3746576883092806 0.20713727229668333 31-0 0.37510569841573116 0.20705655503259512 0.04

0.11574820455907753 0.10117852900104829
0.09291677685119326 0.0030236987178527963 32-0 0.1043324907051354 0.05210111385945054 3.37

0.9667113233587299 0.11969546260455721
0.9927918571808733 0.03412866508524448 33-0 0.9797515902698015 0.07691206384490085 2.99

0.028982786023578733 0.798037706271169
0.05305643836901908 0.833006721086951 34-0 0.041019612196298905 0.81552221367906 1.43

0.889595154287317 0.30852319206399603
0.955353675625924 0.3788478968498946 35-0 0.9224744149566204 0.3436855444569453 3.22

0.11574820455907753 0.10117852900104829
0.017728023641039314 0.1531418135667556 36-0 0.06673811410005842 0.12716017128390195 3.71

0.03559985128698484 0.12082120422796905
0.017728023641039314 0.1531418135667556 36-0 0.026663937464012077 0.13698150889736233 1.24

0.7709923470807984 0.5719757010469614
0.8425058394254774 0.528029845278565 37-0 0.8067490932531379 0.5500027731627632 2.85

0.8348493494337453 0.42885919257052885
0.8425058394254774 0.528029845278565 37-0 0.8386775944296114 0.4784445189245469 3.33

0.9851201748781941 0.5751529580794648
0.9207805948107081 0.6006585963905647 38-0 0.9529503848444512 0.5879057772350147 2.36

0.6981090516829385 0.42389410283588624
0.6750823235391965 0.3817443545758701 39-0 0.6865956876110675 0.40281922870587816 1.61

0.7709923470807984 0.5719757010469614
0.8174438212689582 0.610361080020848 40-0 0.7942180841748783 0.5911683905339047 2.02

0.4109236985467237 0.3171511642508563
0.43737274831644224 0.36159194579302667 41-0 0.424148223431583 0.3393715550219415 1.74

0.4781119020857163 0.41966619939557404
0.43737274831644224 0.36159194579302667 41-0 0.45774232520107927 0.39062907259430035 2.38

0.42361313100362075 0.14437683120527567
0.41417396032996323 0.14167175305746382 42-0 0.418893545666792 0.14302429213136975 0.34

0.39618801338161747 0.10222506057416625
0.41417396032996323 0.14167175305746382 42-0 0.40518098685579035 0.12194840681581504 1.46

0.806351413845241 0.7647179596260021
0.8372430977676206 0.8197632306760784 43-0 0.8217972558064308 0.7922405951510403 2.12

0.3422211216566857 0.6620444048645822
0.3985952856093161 0.6603383185409174 44-0 0.3704082036330009 0.6611913617027498 1.89

0.7816658071984897 0.9198620048264506
0.7418554714476036 0.9196944885603063 45-0 0.7617606393230466 0.9197782466933785 1.34

0.5537054751640728 0.14830961492356998
0.5746947651207558 0.11946218530387553 46-0 0.5642001201424143 0.13388590011372276 1.2

0.6854069252486598 0.7667598800414553
0.806351413845241 0.7647179596260021 47-0 0.7458791695469504 0.7657389198337288 4.04

0.8372430977676206 0.8197632306760784
0.806351413845241 0.7647179596260021 47-0 0.8217972558064308 0.7922405951510403 2.12

0.8970637162767595 0.0800451078081359
0.9031536953516834 0.13079757114580515 48-0 0.9001087058142214 0.10542133947697052 1.72

0.17216222369705902 0.7816512183191293
0.1732150137766657 0.8880182368667865 49-0 0.17268861873686236 0.834834727592958 3.56

0.5890221931566118 0.971551915246698
0.4226769025279329 0.9948083853682133 50-0 0.5058495478422723 0.9831801503074556 5.61

0.7779866529128572 0.0761604418485271
0.7616331180231798 0.08537071019654485 51-0 0.7698098854680184 0.08076557602253598 0.64

0.6578337880568758 0.7313621699976905
0.6854069252486598 0.7667598800414553 52-0 0.6716203566527678 0.749061025019573 1.51

0.806351413845241 0.7647179596260021
0.6854069252486598 0.7667598800414553 52-0 0.7458791695469504 0.7657389198337288 4.04

0.6630442087962294 0.8130751172332825
0.5890221931566118 0.971551915246698 53-0 0.6260332009764206 0.8923135162399902 5.84

0.4226769025279329 0.9948083853682133
0.5890221931566118 0.971551915246698 53-0 0.5058495478422723 0.9831801503074556 5.61

0.6112464803567257 0.9510247115084642
0.5890221931566118 0.971551915246698 53-0 0.6001343367566687 0.9612883133775811 1.02

0.720509305116182 0.04769973291604723
0.7779866529128572 0.0761604418485271 54-0 0.7492479790145197 0.06193008738228717 2.15

0.7616331180231798 0.08537071019654485
0.7779866529128572 0.0761604418485271 54-0 0.7698098854680184 0.08076557602253598 0.64

0.7598075609867915 0.4953136414070559
0.7709923470807984 0.5719757010469614 55-0 0.765399954033795 0.5336446712270086 2.59

0.8174438212689582 0.610361080020848
0.7709923470807984 0.5719757010469614 55-0 0.7942180841748783 0.5911683905339047 2.02

0.8425058394254774 0.528029845278565
0.7709923470807984 0.5719757010469614 55-0 0.8067490932531379 0.5500027731627632 2.85

0.07399956053113144 0.9782486936692084
0.21956073178834368 0.9881584173675542 56-0 0.14678014615973756 0.9832035555183813 4.88

0.3422211216566857 0.6620444048645822
0.3313708734498523 0.723023369841137 57-0 0.336795997553269 0.6925338873528596 2.08

0.031916312451554574 0.7451946738356493
0.028982786023578733 0.798037706271169 58-0 0.030449549237566653 0.7716161900534091 1.78

0.05305643836901908 0.833006721086951
0.028982786023578733 0.798037706271169 58-0 0.041019612196298905 0.81552221367906 1.43

0.7102665797273109 0.1748980834425703
0.720509305116182 0.04769973291604723 59-0 0.7153879424217464 0.11129890817930876 4.27

0.7779866529128572 0.0761604418485271
0.720509305116182 0.04769973291604723 59-0 0.7492479790145197 0.06193008738228717 2.15

0.02584178610058685 0.47729070564248954
0.03572146382009833 0.28374504731775185 60-0 0.03078162496034259 0.3805178764801207 6.47

0.06563796555284973 0.3424831782813561
0.03572146382009833 0.28374504731775185 60-0 0.05067971468647403 0.313114112799554 2.21

0.9548434106333559 0.6849784528391947
0.9879491932010873 0.7976612476849793 61-0 0.9713963019172216 0.741319850262087 3.93

0.993011313365698 0.8060305681959494
0.9879491932010873 0.7976612476849793 61-0 0.9904802532833927 0.8018459079404643 0.34

0.02435132002439022 0.4922273505202287
0.07243587865335721 0.6064208651401486 62-0 0.048393599338873716 0.5493241078301887 4.14

0.0976805755237462 0.5640934200867727
0.07243587865335721 0.6064208651401486 62-0 0.08505822708855171 0.5852571426134606 1.66

0.04520747664333624 0.6154392806325457
0.07243587865335721 0.6064208651401486 62-0 0.058821677648346726 0.6109300728863472 0.97

0.7816658071984897 0.9198620048264506
0.884623977570307 0.9083265765298006 63-0 0.8331448923843983 0.9140942906781256 3.47

0.17216222369705902 0.7816512183191293
0.031916312451554574 0.7451946738356493 64-0 0.1020392680743068 0.7634229460773894 4.88

0.028982786023578733 0.798037706271169
0.031916312451554574 0.7451946738356493 64-0 0.030449549237566653 0.7716161900534091 1.78

0.7102665797273109 0.1748980834425703
0.7801249684480795 0.2006935453299089 65-0 0.7451957740876952 0.1877958143862396 2.49

0.9667113233587299 0.11969546260455721
0.8970637162767595 0.0800451078081359 66-0 0.9318875198177448 0.09987028520634655 2.68

0.9031536953516834 0.13079757114580515
0.8970637162767595 0.0800451078081359 66-0 0.9001087058142214 0.10542133947697052 1.72

0.9034091494957232 0.021535507362938078
0.8970637162767595 0.0800451078081359 66-0 0.9002364328862413 0.05079030758553699 2.09

0.837916234099668 0.08281555287227826
0.8970637162767595 0.0800451078081359 66-0 0.8674899751882137 0.08143033034020708 1.99

0.3422211216566857 0.6620444048645822
0.17216222369705902 0.7816512183191293 67-0 0.2571916726768724 0.7218478115918557 6.94

0.031916312451554574 0.7451946738356493
0.17216222369705902 0.7816512183191293 67-0 0.1020392680743068 0.7634229460773894 4.88

0.1732150137766657 0.8880182368667865
0.17216222369705902 0.7816512183191293 67-0 0.17268861873686236 0.834834727592958 3.56

0.25461220531606565 0.8019080417021309
0.17216222369705902 0.7816512183191293 67-0 0.21338721450656234 0.7917796300106301 2.84

0.1345730001491956 0.7958847146722212
0.17216222369705902 0.7816512183191293 67-0 0.1533676119231273 0.7887679664956753 1.35

0.6981090516829385 0.42389410283588624
0.7598075609867915 0.4953136414070559 68-0 0.728958306334865 0.4596038721214711 3.2

0.7709923470807984 0.5719757010469614
0.7598075609867915 0.4953136414070559 68-0 0.765399954033795 0.5336446712270086 2.59

0.6981090516829385 0.42389410283588624
0.7382014072713465 0.34398914251848556 69-0 0.7181552294771425 0.3839416226771859 2.99

0.5537054751640728 0.14830961492356998
0.5333382354675394 0.16650026467148826 70-0 0.5435218553158061 0.15740493979752912 0.92

0.5022766134284874 0.2587374401674619
0.5333382354675394 0.16650026467148826 70-0 0.5178074244480134 0.2126188524194751 3.26

0.4109236985467237 0.3171511642508563
0.3333602900852055 0.2479703422954932 71-0 0.3721419943159646 0.28256075327317476 3.59

0.3746576883092806 0.20713727229668333
0.3333602900852055 0.2479703422954932 71-0 0.35400898919724305 0.22755380729608826 1.95

0.5537054751640728 0.14830961492356998
0.5317567629591229 0.014258251578058045 72-0 0.5427311190615978 0.08128393325081401 4.58

0.3422211216566857 0.6620444048645822
0.07399956053113144 0.9782486936692084 73-0 0.20811034109390858 0.8201465492668953 13.95

0.21956073178834368 0.9881584173675542
0.07399956053113144 0.9782486936692084 73-0 0.14678014615973756 0.9832035555183813 4.88

0.40361480328622423 0.5857336555240756
0.3422211216566857 0.6620444048645822 74-0 0.372917962471455 0.623889030194329 3.28

0.07399956053113144 0.9782486936692084
0.3422211216566857 0.6620444048645822 74-0 0.20811034109390858 0.8201465492668953 13.95

0.17216222369705902 0.7816512183191293
0.3422211216566857 0.6620444048645822 74-0 0.2571916726768724 0.7218478115918557 6.94

0.3313708734498523 0.723023369841137
0.3422211216566857 0.6620444048645822 74-0 0.336795997553269 0.6925338873528596 2.08

0.3985952856093161 0.6603383185409174
0.3422211216566857 0.6620444048645822 74-0 0.3704082036330009 0.6611913617027498 1.89

0.31448016567392445 0.6060509441004132
0.3422211216566857 0.6620444048645822 74-0 0.3283506436653051 0.6340476744824977 2.1

0.6578337880568758 0.7313621699976905
0.6630442087962294 0.8130751172332825 75-0 0.6604389984265526 0.7722186436154865 2.74

0.5890221931566118 0.971551915246698
0.6630442087962294 0.8130751172332825 75-0 0.6260332009764206 0.8923135162399902 5.84

0.5416532166243675 0.8358671327941276
0.6630442087962294 0.8130751172332825 75-0 0.6023487127102984 0.8244711250137051 4.13

0.40361480328622423 0.5857336555240756
0.44689533138017046 0.6176699681932075 76-0 0.42525506733319735 0.6017018118586416 1.81

0.3263785725130105 0.40891482453796724
0.4109236985467237 0.3171511642508563 77-0 0.3686511355298671 0.3630329943944118 4.17

0.3333602900852055 0.2479703422954932
0.4109236985467237 0.3171511642508563 77-0 0.3721419943159646 0.28256075327317476 3.59

0.43737274831644224 0.36159194579302667
0.4109236985467237 0.3171511642508563 77-0 0.424148223431583 0.3393715550219415 1.74

0.889595154287317 0.30852319206399603
0.8654834817819415 0.31403698402266467 78-0 0.8775393180346291 0.31128008804333035 0.84

0.9548434106333559 0.6849784528391947
0.9851201748781941 0.5751529580794648 79-0 0.969981792755775 0.6300657054593297 3.81

0.9207805948107081 0.6006585963905647
0.9851201748781941 0.5751529580794648 79-0 0.9529503848444512 0.5879057772350147 2.36

0.6841545246052007 0.686098021176821
0.6838578025347787 0.5906331728176955 80-0 0.6840061635699897 0.6383655969972581 3.19

0.6897928773184445 0.6017838451608858
0.6838578025347787 0.5906331728176955 80-0 0.6868253399266115 0.5962085089892906 0.43

0.6578337880568758 0.7313621699976905
0.7816658071984897 0.9198620048264506 81-0 0.7197497976276828 0.8256120874120706 7.53

0.884623977570307 0.9083265765298006
0.7816658071984897 0.9198620048264506 81-0 0.8331448923843983 0.9140942906781256 3.47

0.7418554714476036 0.9196944885603063
0.7816658071984897 0.9198620048264506 81-0 0.7617606393230466 0.9197782466933785 1.34

0.6927614924289922 0.26563582874104297
0.7102665797273109 0.1748980834425703 82-0 0.7015140360781515 0.22026695609180663 3.09

0.7801249684480795 0.2006935453299089
0.7102665797273109 0.1748980834425703 82-0 0.7451957740876952 0.1877958143862396 2.49

0.720509305116182 0.04769973291604723
0.7102665797273109 0.1748980834425703 82-0 0.7153879424217464 0.11129890817930876 4.27

0.719267946533175 0.13922285076981056
0.7102665797273109 0.1748980834425703 82-0 0.714767263130243 0.15706046710619043 1.24

0.889595154287317 0.30852319206399603
0.953532195456193 0.2770039060562064 83-0 0.9215636748717551 0.2927635490601012 2.39

0.9723338053963437 0.25554570357475137
0.953532195456193 0.2770039060562064 83-0 0.9629330004262684 0.2662748048154789 0.96

0.6841545246052007 0.686098021176821
0.6578337880568758 0.7313621699976905 84-0 0.6709941563310382 0.7087300955872557 1.76

0.7816658071984897 0.9198620048264506
0.6578337880568758 0.7313621699976905 84-0 0.7197497976276828 0.8256120874120706 7.53

0.6630442087962294 0.8130751172332825
0.6578337880568758 0.7313621699976905 84-0 0.6604389984265526 0.7722186436154865 2.74

0.6854069252486598 0.7667598800414553
0.6578337880568758 0.7313621699976905 84-0 0.6716203566527678 0.749061025019573 1.51

0.42361313100362075 0.14437683120527567
0.5537054751640728 0.14830961492356998 85-0 0.48865930308384675 0.14634322306442282 4.35

0.5317567629591229 0.014258251578058045
0.5537054751640728 0.14830961492356998 85-0 0.5427311190615978 0.08128393325081401 4.58

0.5333382354675394 0.16650026467148826
0.5537054751640728 0.14830961492356998 85-0 0.5435218553158061 0.15740493979752912 0.92

0.5746947651207558 0.11946218530387553
0.5537054751640728 0.14830961492356998 85-0 0.5642001201424143 0.13388590011372276 1.2

0.11574820455907753 0.10117852900104829
0.1905393446764997 0.08649943632974444 86-0 0.1531437746177886 0.09383898266539636 2.55

0.24050531878151538 0.13301858455128324
0.1905393446764997 0.08649943632974444 86-0 0.21552233172900753 0.10975901044051384 2.29

0.6841545246052007 0.686098021176821
0.9548434106333559 0.6849784528391947 87-0 0.8194989676192783 0.6855382370080079 9.04

0.9851201748781941 0.5751529580794648
0.9548434106333559 0.6849784528391947 87-0 0.969981792755775 0.6300657054593297 3.81

0.9879491932010873 0.7976612476849793
0.9548434106333559 0.6849784528391947 87-0 0.9713963019172216 0.741319850262087 3.93

0.6927614924289922 0.26563582874104297
0.889595154287317 0.30852319206399603 88-0 0.7911783233581546 0.2870795104025195 6.73

0.953532195456193 0.2770039060562064
0.889595154287317 0.30852319206399603 88-0 0.9215636748717551 0.2927635490601012 2.39

0.8654834817819415 0.31403698402266467
0.889595154287317 0.30852319206399603 88-0 0.8775393180346291 0.31128008804333035 0.84

0.955353675625924 0.3788478968498946
0.889595154287317 0.30852319206399603 88-0 0.9224744149566204 0.3436855444569453 3.22

0.6981090516829385 0.42389410283588624
0.6927614924289922 0.26563582874104297 89-0 0.6954352720559653 0.3447649657884646 5.29

0.889595154287317 0.30852319206399603
0.6927614924289922 0.26563582874104297 89-0 0.7911783233581546 0.2870795104025195 6.73

0.7102665797273109 0.1748980834425703
0.6927614924289922 0.26563582874104297 89-0 0.7015140360781515 0.22026695609180663 3.09

0.533449607576821 0.5016021233404353
0.6981090516829385 0.42389410283588624 90-0 0.6157793296298797 0.4627481130881608 6.08

0.6927614924289922 0.26563582874104297
0.6981090516829385 0.42389410283588624 90-0 0.6954352720559653 0.3447649657884646 5.29

0.7382014072713465 0.34398914251848556
0.6981090516829385 0.42389410283588624 90-0 0.7181552294771425 0.3839416226771859 2.99

0.7598075609867915 0.4953136414070559
0.6981090516829385 0.42389410283588624 90-0 0.728958306334865 0.4596038721214711 3.2

0.6750823235391965 0.3817443545758701
0.6981090516829385 0.42389410283588624 90-0 0.6865956876110675 0.40281922870587816 1.61

0.02584178610058685 0.47729070564248954
0.1475969686210341 0.48604260973955815 91-0 0.08671937736081048 0.48166665769102385 4.08

0.10609306962372977 0.4644485822150416
0.1475969686210341 0.48604260973955815 91-0 0.12684501912238194 0.4752455959772999 1.57

0.1840922055718226 0.46151840039106606
0.1475969686210341 0.48604260973955815 91-0 0.16584458709642835 0.4737805050653121 1.52

0.533449607576821 0.5016021233404353
0.6841545246052007 0.686098021176821 92-0 0.6088020660910108 0.5938500722586282 7.95

0.9548434106333559 0.6849784528391947
0.6841545246052007 0.686098021176821 92-0 0.8194989676192783 0.6855382370080079 9.04

0.6578337880568758 0.7313621699976905
0.6841545246052007 0.686098021176821 92-0 0.6709941563310382 0.7087300955872557 1.76

0.6838578025347787 0.5906331728176955
0.6841545246052007 0.686098021176821 92-0 0.6840061635699897 0.6383655969972581 3.19

0.02584178610058685 0.47729070564248954
0.02435132002439022 0.4922273505202287 93-0 0.025096553062488536 0.4847590280813591 0.51

0.07243587865335721 0.6064208651401486
0.02435132002439022 0.4922273505202287 93-0 0.048393599338873716 0.5493241078301887 4.14

0.3263785725130105 0.40891482453796724
0.02584178610058685 0.47729070564248954 94-0 0.17611017930679868 0.4431027650902284 10.29

0.02435132002439022 0.4922273505202287
0.02584178610058685 0.47729070564248954 94-0 0.025096553062488536 0.4847590280813591 0.51

0.1475969686210341 0.48604260973955815
0.02584178610058685 0.47729070564248954 94-0 0.08671937736081048 0.48166665769102385 4.08

0.03572146382009833 0.28374504731775185
0.02584178610058685 0.47729070564248954 94-0 0.03078162496034259 0.3805178764801207 6.47

0.02552479030305488 0.43585226558487977
0.02584178610058685 0.47729070564248954 94-0 0.025683288201820864 0.45657148561368466 1.39

0.3263785725130105 0.40891482453796724
0.42361313100362075 0.14437683120527567 95-0 0.3749958517583156 0.27664582787162145 9.41

0.5537054751640728 0.14830961492356998
0.42361313100362075 0.14437683120527567 95-0 0.48865930308384675 0.14634322306442282 4.35

0.41417396032996323 0.14167175305746382
0.42361313100362075 0.14437683120527567 95-0 0.418893545666792 0.14302429213136975 0.34

0.533449607576821 0.5016021233404353
0.9667113233587299 0.11969546260455721 96-0 0.7500804654677755 0.31064879297249626 19.26

0.8970637162767595 0.0800451078081359
0.9667113233587299 0.11969546260455721 96-0 0.9318875198177448 0.09987028520634655 2.68

0.9927918571808733 0.03412866508524448
0.9667113233587299 0.11969546260455721 96-0 0.9797515902698015 0.07691206384490085 2.99

0.533449607576821 0.5016021233404353
0.40361480328622423 0.5857336555240756 97-0 0.46853220543152263 0.5436678894322555 5.17

0.44689533138017046 0.6176699681932075
0.40361480328622423 0.5857336555240756 97-0 0.42525506733319735 0.6017018118586416 1.81

0.3422211216566857 0.6620444048645822
0.40361480328622423 0.5857336555240756 97-0 0.372917962471455 0.623889030194329 3.28

0.4121443095270111 0.5935276636745004
0.40361480328622423 0.5857336555240756 97-0 0.40787955640661766 0.589630659599288 0.4

0.3263785725130105 0.40891482453796724
0.11574820455907753 0.10117852900104829 98-0 0.22106338853604401 0.25504667676950776 12.44

0.1905393446764997 0.08649943632974444
0.11574820455907753 0.10117852900104829 98-0 0.1531437746177886 0.09383898266539636 2.55

0.017728023641039314 0.1531418135667556
0.11574820455907753 0.10117852900104829 98-0 0.06673811410005842 0.12716017128390195 3.71

0.09291677685119326 0.0030236987178527963
0.11574820455907753 0.10117852900104829 98-0 0.1043324907051354 0.05210111385945054 3.37

0.533449607576821 0.5016021233404353
0.3263785725130105 0.40891482453796724 99-0 0.42991409004491576 0.45525847393920127 7.57

0.11574820455907753 0.10117852900104829
0.3263785725130105 0.40891482453796724 99-0 0.22106338853604401 0.25504667676950776 12.44

0.42361313100362075 0.14437683120527567
0.3263785725130105 0.40891482453796724 99-0 0.3749958517583156 0.27664582787162145 9.41

0.02584178610058685 0.47729070564248954
0.3263785725130105 0.40891482453796724 99-0 0.17611017930679868 0.4431027650902284 10.29

0.4109236985467237 0.3171511642508563
0.3263785725130105 0.40891482453796724 99-0 0.3686511355298671 0.3630329943944118 4.17

0.2554467885118804 0.4046277363950329
0.3263785725130105 0.40891482453796724 99-0 0.29091268051244545 0.4067712804665001 2.38

