0.9022666597492872 0.9895402467593547
0.8705411240029843 0.9534923076520757 0-0 0.8864038918761358 0.9715162772057152 1.61

0.2853957592304701 0.487019988846378
0.16467054096324218 0.49101537527397976 1-0 0.22503315009685615 0.48901768206017887 4.04

0.6526871485325119 0.5306382256824247
0.6673900933898074 0.5323565258344113 2-0 0.6600386209611596 0.531497375758418 0.51

0.335787838656186 0.2641229243300306
0.34217054281636095 0.3088836343474294 3-0 0.3389791907362735 0.28650327933873 1.52

0.5609217901417747 0.05318273620448488
0.5520530391057098 0.06341997611074501 4-0 0.5564874146237422 0.05830135615761495 0.46

0.29863460478543524 0.22543417016613487
0.269636850071883 0.19637686059178794 5-0 0.2841357274286591 0.2109055153789614 1.42

0.08525179771789826 0.13543060413355756
0.09671083925450852 0.08205174190304143 6-0 0.09098131848620339 0.1087411730182995 1.87

0.9796936650798226 0.9516961205579947
0.9936768935612235 0.9486496154250631 7-0 0.986685279320523 0.9501728679915289 0.49

0.03585935476340474 0.7542944563714808
0.05026716349370641 0.7753885373437593 8-0 0.043063259128555575 0.76484149685762 0.86

0.5367188026298938 0.076423038540541
0.5040766109546667 0.08588076366751407 9-0 0.5203977067922803 0.08115190110402754 1.15

0.6030068679329795 0.5051839402971274
0.5526232981604656 0.4621603509449329 10-0 0.5778150830467226 0.48367214562103017 2.22

0.43489282176622024 0.48736951302194864
0.4066461622721521 0.4247000467122506 11-0 0.4207694920191862 0.4560347798670996 2.3

0.9408279877219123 0.3440572073369361
0.9239087749403018 0.3300968789120159 12-0 0.932368381331107 0.337077043124476 0.74

0.08525179771789826 0.13543060413355756
0.048783592149757804 0.14250111901461338 13-0 0.06701769493382803 0.13896586157408547 1.25

0.9408279877219123 0.3440572073369361
0.9963500840168334 0.30313755248003116 14-0 0.968589035869373 0.32359737990848364 2.31

0.5135074102785344 0.671507508743582
0.5717854811147046 0.6233680736714337 15-0 0.5426464456966196 0.6474377912075078 2.57

0.3967061906090169 0.7843196142385418
0.44571657911769713 0.7827384632435437 16-0 0.421211384863357 0.7835290387410427 1.65

0.39936403073417515 0.9600029288472383
0.43131769000549125 0.949537246943236 17-0 0.4153408603698332 0.9547700878952372 1.13

0.4912462094388611 0.5315104759108269
0.47479177751596524 0.5358897446424497 18-0 0.48301899347741317 0.5337001102766383 0.69

0.9804414746606496 0.6725303781461971
0.9010905588796192 0.6337620631141412 19-0 0.9407660167701344 0.6531462206301691 2.96

0.5370006602162455 0.20706602279715747
0.50307461606793 0.18702706595951757 20-0 0.5200376381420877 0.19704654437833752 1.33

0.9968198497053123 0.11526205963549785
0.9546671559298336 0.07564355040564252 21-0 0.9757435028175729 0.09545280502057019 1.94

0.21371484789179485 0.6546915363132662
0.2249246115163045 0.6118416122434169 22-0 0.21931972970404967 0.6332665742783415 1.49

0.7779593326280037 0.2936190516671563
0.7064651676744559 0.2689343264707429 23-0 0.7422122501512298 0.2812766890689496 2.53

0.5367188026298938 0.076423038540541
0.5126211353831949 0.028062888585779877 24-0 0.5246699690065444 0.05224296356316044 1.81

0.43489282176622024 0.48736951302194864
0.2853957592304701 0.487019988846378 25-0 0.3601442904983452 0.4871947509341633 5.03

0.16467054096324218 0.49101537527397976
0.2853957592304701 0.487019988846378 25-0 0.22503315009685615 0.48901768206017887 4.04

0.21371484789179485 0.6546915363132662
0.1613160665805835 0.7316090624432572 26-0 0.18751545723618918 0.6931502993782617 3.15

0.5838828772269232 0.0218673938023487
0.6132163618311535 0.03022600120472596 27-0 0.5985496195290383 0.02604669750353733 1.03

0.335787838656186 0.2641229243300306
0.39961602589551704 0.2360702388974033 28-0 0.3677019322758515 0.25009658161371695 2.37

0.012157413704450337 0.705187367001111
0.0645560773960655 0.6312944083348963 29-0 0.03835674555025792 0.6682408876680036 3.03

0.37316781001316823 0.0546764400980424
0.42253904045997526 0.039309486264641924 30-0 0.39785342523657174 0.04699296318134216 1.74

0.3885885465031045 0.6861130281126945
0.3967061906090169 0.7843196142385418 31-0 0.3926473685560607 0.7352163211756182 3.3

0.44571657911769713 0.7827384632435437
0.3967061906090169 0.7843196142385418 31-0 0.421211384863357 0.7835290387410427 1.65

0.9408279877219123 0.3440572073369361
0.9428473910232661 0.36303805037491843 32-0 0.9418376893725893 0.3535476288559273 0.65

0.618833312253665 0.12441753181688398
0.6546501839003399 0.08762791098361722 33-0 0.6367417480770025 0.1060227214002506 1.72

0.9796936650798226 0.9516961205579947
0.9022666597492872 0.9895402467593547 34-0 0.9409801624145548 0.9706181836586747 2.89

0.8705411240029843 0.9534923076520757
0.9022666597492872 0.9895402467593547 34-0 0.8864038918761358 0.9715162772057152 1.61

0.9177270762619393 0.47586120677937294
0.9804414746606496 0.6725303781461971 35-0 0.9490842754612945 0.574195792462785 6.89

0.9010905588796192 0.6337620631141412
0.9804414746606496 0.6725303781461971 35-0 0.9407660167701344 0.6531462206301691 2.96

0.012157413704450337 0.705187367001111
0.03585935476340474 0.7542944563714808 36-0 0.024008384233927538 0.7297409116862958 1.83

0.05026716349370641 0.7753885373437593
0.03585935476340474 0.7542944563714808 36-0 0.043063259128555575 0.76484149685762 0.86

0.39936403073417515 0.9600029288472383
0.3859187838184772 0.9275748825133632 37-0 0.3926414072763262 0.9437889056803007 1.18

0.9177270762619393 0.47586120677937294
0.9408279877219123 0.3440572073369361 38-0 0.9292775319919258 0.40995920705815453 4.47

0.9428473910232661 0.36303805037491843
0.9408279877219123 0.3440572073369361 38-0 0.9418376893725893 0.3535476288559273 0.65

0.9963500840168334 0.30313755248003116
0.9408279877219123 0.3440572073369361 38-0 0.968589035869373 0.32359737990848364 2.31

0.9239087749403018 0.3300968789120159
0.9408279877219123 0.3440572073369361 38-0 0.932368381331107 0.337077043124476 0.74

0.5609217901417747 0.05318273620448488
0.5838828772269232 0.0218673938023487 39-0 0.5724023336843489 0.03752506500341679 1.31

0.6132163618311535 0.03022600120472596
0.5838828772269232 0.0218673938023487 39-0 0.5985496195290383 0.02604669750353733 1.03

0.639778274121765 0.8318117808956773
0.6652816373228949 0.7970467426236675 40-0 0.65252995572233 0.8144292617596725 1.45

0.9044470738548566 0.17000312774421644
0.9152404473171177 0.18122842138490292 41-0 0.9098437605859871 0.17561577456455968 0.53

0.6526871485325119 0.5306382256824247
0.6030068679329795 0.5051839402971274 42-0 0.6278470082327456 0.5179110829897761 1.87

0.5526232981604656 0.4621603509449329
0.6030068679329795 0.5051839402971274 42-0 0.5778150830467226 0.48367214562103017 2.22

0.28642584237566937 0.3314953188590668
0.258254385543083 0.27739624982733135 43-0 0.2723401139593762 0.3044457843431991 2.08

0.6604987724204743 0.587011755733394
0.657042471288096 0.5779177819464664 44-0 0.6587706218542851 0.5824647688399303 0.34

0.5407026995198503 0.07528182970239838
0.5609217901417747 0.05318273620448488 45-0 0.5508122448308125 0.06423228295344163 1.01

0.5838828772269232 0.0218673938023487
0.5609217901417747 0.05318273620448488 45-0 0.5724023336843489 0.03752506500341679 1.31

0.5520530391057098 0.06341997611074501
0.5609217901417747 0.05318273620448488 45-0 0.5564874146237422 0.05830135615761495 0.46

0.29863460478543524 0.22543417016613487
0.21786441836973924 0.14298331731577152 46-0 0.25824951157758724 0.1842087437409532 3.86

0.335787838656186 0.2641229243300306
0.29863460478543524 0.22543417016613487 47-0 0.3172112217208106 0.24477854724808273 1.8

0.21786441836973924 0.14298331731577152
0.29863460478543524 0.22543417016613487 47-0 0.25824951157758724 0.1842087437409532 3.86

0.269636850071883 0.19637686059178794
0.29863460478543524 0.22543417016613487 47-0 0.2841357274286591 0.2109055153789614 1.42

0.5370006602162455 0.20706602279715747
0.4912462094388611 0.5315104759108269 48-0 0.5141234348275533 0.3692882493539922 10.93

0.012157413704450337 0.705187367001111
0.4912462094388611 0.5315104759108269 48-0 0.2517018115716557 0.618348921455969 17.0

0.8122603173098518 0.45324868826322007
0.4912462094388611 0.5315104759108269 48-0 0.6517532633743565 0.4923795820870235 11.03

0.6604987724204743 0.587011755733394
0.4912462094388611 0.5315104759108269 48-0 0.5758724909296677 0.5592611158221105 5.95

0.44544277841733737 0.6783797652768088
0.4912462094388611 0.5315104759108269 48-0 0.46834449392809924 0.6049451205938179 5.14

0.43489282176622024 0.48736951302194864
0.4912462094388611 0.5315104759108269 48-0 0.46306951560254067 0.5094399944663878 2.4

0.47479177751596524 0.5358897446424497
0.4912462094388611 0.5315104759108269 48-0 0.48301899347741317 0.5337001102766383 0.69

0.741249547910934 0.770327576804269
0.7266600499972533 0.7828437689121494 49-0 0.7339547989540937 0.7765856728582092 0.65

0.014840767808392052 0.44305229457420314
0.10636682714176005 0.323222337992929 50-0 0.06060379747507605 0.38313731628356607 5.04

0.37316781001316823 0.0546764400980424
0.27061100239245506 0.027108715853023102 51-0 0.32188940620281165 0.04089257797553275 3.55

0.6976325478802968 0.9335973155005429
0.7364965916091399 0.9120311210798182 52-0 0.7170645697447184 0.9228142182901806 1.49

0.7289336287951813 0.18146759941406587
0.7779593326280037 0.2936190516671563 53-0 0.7534464807115925 0.23754332554061108 4.09

0.7064651676744559 0.2689343264707429
0.7779593326280037 0.2936190516671563 53-0 0.7422122501512298 0.2812766890689496 2.53

0.6604987724204743 0.587011755733394
0.6725994636788706 0.5931619801692516 54-0 0.6665491180496724 0.5900868679513228 0.46

0.6976325478802968 0.9335973155005429
0.639778274121765 0.8318117808956773 55-0 0.6687054110010309 0.8827045481981102 3.92

0.6652816373228949 0.7970467426236675
0.639778274121765 0.8318117808956773 55-0 0.65252995572233 0.8144292617596725 1.45

0.9537921284296029 0.1382552120390973
0.9044470738548566 0.17000312774421644 56-0 0.9291196011422298 0.15412916989165687 1.97

0.9152404473171177 0.18122842138490292
0.9044470738548566 0.17000312774421644 56-0 0.9098437605859871 0.17561577456455968 0.53

0.9968198497053123 0.11526205963549785
0.9842816859213431 0.02551839021544522 57-0 0.9905507678133277 0.07039022492547153 3.03

0.2350000143827573 0.6700772514836173
0.2843488446707153 0.732202741854858 58-0 0.2596744295267363 0.7011399966692377 2.66

0.2260520940347971 0.9119363213458724
0.2423625433715273 0.9900796126590734 59-0 0.2342073187031622 0.9510079670024729 2.67

0.7265967827310587 0.5627662621254481
0.7753595077058366 0.5661024036143408 60-0 0.7509781452184476 0.5644343328698944 1.64

0.3885885465031045 0.6861130281126945
0.39021417898293276 0.5956962847959169 61-0 0.3894013627430186 0.6409046564543057 3.03

0.5407026995198503 0.07528182970239838
0.618833312253665 0.12441753181688398 62-0 0.5797680058867576 0.09984968075964118 3.09

0.6546501839003399 0.08762791098361722
0.618833312253665 0.12441753181688398 62-0 0.6367417480770025 0.1060227214002506 1.72

0.34053747554002667 0.16926280545940675
0.08525179771789826 0.13543060413355756 63-0 0.21289463662896246 0.15234670479648216 8.6

0.048783592149757804 0.14250111901461338
0.08525179771789826 0.13543060413355756 63-0 0.06701769493382803 0.13896586157408547 1.25

0.09671083925450852 0.08205174190304143
0.08525179771789826 0.13543060413355756 63-0 0.09098131848620339 0.1087411730182995 1.87

0.5135074102785344 0.671507508743582
0.49545238649803836 0.6041455696386353 64-0 0.5044798983882863 0.6378265391911087 2.34

0.6350890268821068 0.31634420433386634
0.7289336287951813 0.18146759941406587 65-0 0.682011327838644 0.2489059018739661 5.49

0.7779593326280037 0.2936190516671563
0.7289336287951813 0.18146759941406587 65-0 0.7534464807115925 0.23754332554061108 4.09

0.2260520940347971 0.9119363213458724
0.39936403073417515 0.9600029288472383 66-0 0.3127080623844861 0.9359696250965553 6.01

0.3859187838184772 0.9275748825133632
0.39936403073417515 0.9600029288472383 66-0 0.3926414072763262 0.9437889056803007 1.18

0.43131769000549125 0.949537246943236
0.39936403073417515 0.9600029288472383 66-0 0.4153408603698332 0.9547700878952372 1.13

0.2350000143827573 0.6700772514836173
0.21371484789179485 0.6546915363132662 67-0 0.22435743113727608 0.6623843938984417 0.89

0.1613160665805835 0.7316090624432572
0.21371484789179485 0.6546915363132662 67-0 0.18751545723618918 0.6931502993782617 3.15

0.2249246115163045 0.6118416122434169
0.21371484789179485 0.6546915363132662 67-0 0.21931972970404967 0.6332665742783415 1.49

0.9537921284296029 0.1382552120390973
0.9968198497053123 0.11526205963549785 68-0 0.9753059890674576 0.12675863583729757 1.64

0.9842816859213431 0.02551839021544522
0.9968198497053123 0.11526205963549785 68-0 0.9905507678133277 0.07039022492547153 3.03

0.9546671559298336 0.07564355040564252
0.9968198497053123 0.11526205963549785 68-0 0.9757435028175729 0.09545280502057019 1.94

0.6987173754211726 0.7226801910852559
0.741249547910934 0.770327576804269 69-0 0.7199834616660533 0.7465038839447624 2.14

0.7266600499972533 0.7828437689121494
0.741249547910934 0.770327576804269 69-0 0.7339547989540937 0.7765856728582092 0.65

0.6604987724204743 0.587011755733394
0.6987173754211726 0.7226801910852559 70-0 0.6796080739208235 0.654845973409325 4.71

0.741249547910934 0.770327576804269
0.6987173754211726 0.7226801910852559 70-0 0.7199834616660533 0.7465038839447624 2.14

0.7075302339591455 0.40007976919806854
0.6350890268821068 0.31634420433386634 71-0 0.6713096304206261 0.35821198676596744 3.7

0.7289336287951813 0.18146759941406587
0.6350890268821068 0.31634420433386634 71-0 0.682011327838644 0.2489059018739661 5.49

0.5367188026298938 0.076423038540541
0.5407026995198503 0.07528182970239838 72-0 0.5387107510748721 0.07585243412146969 0.15

0.618833312253665 0.12441753181688398
0.5407026995198503 0.07528182970239838 72-0 0.5797680058867576 0.09984968075964118 3.09

0.5609217901417747 0.05318273620448488
0.5407026995198503 0.07528182970239838 72-0 0.5508122448308125 0.06423228295344163 1.01

0.44544277841733737 0.6783797652768088
0.5135074102785344 0.671507508743582 73-0 0.4794750943479359 0.6749436370101953 2.33

0.49545238649803836 0.6041455696386353
0.5135074102785344 0.671507508743582 73-0 0.5044798983882863 0.6378265391911087 2.34

0.5717854811147046 0.6233680736714337
0.5135074102785344 0.671507508743582 73-0 0.5426464456966196 0.6474377912075078 2.57

0.3885885465031045 0.6861130281126945
0.2350000143827573 0.6700772514836173 74-0 0.3117942804429309 0.6780951397981558 5.16

0.21371484789179485 0.6546915363132662
0.2350000143827573 0.6700772514836173 74-0 0.22435743113727608 0.6623843938984417 0.89

0.2843488446707153 0.732202741854858
0.2350000143827573 0.6700772514836173 74-0 0.2596744295267363 0.7011399966692377 2.66

0.5370006602162455 0.20706602279715747
0.5367188026298938 0.076423038540541 75-0 0.5368597314230696 0.14174453066884923 4.37

0.5407026995198503 0.07528182970239838
0.5367188026298938 0.076423038540541 75-0 0.5387107510748721 0.07585243412146969 0.15

0.5126211353831949 0.028062888585779877
0.5367188026298938 0.076423038540541 75-0 0.5246699690065444 0.05224296356316044 1.81

0.5040766109546667 0.08588076366751407
0.5367188026298938 0.076423038540541 75-0 0.5203977067922803 0.08115190110402754 1.15

0.4912462094388611 0.5315104759108269
0.43489282176622024 0.48736951302194864 76-0 0.46306951560254067 0.5094399944663878 2.4

0.2853957592304701 0.487019988846378
0.43489282176622024 0.48736951302194864 76-0 0.3601442904983452 0.4871947509341633 5.03

0.4066461622721521 0.4247000467122506
0.43489282176622024 0.48736951302194864 76-0 0.4207694920191862 0.4560347798670996 2.3

0.49632015348513536 0.7584844024508562
0.6976325478802968 0.9335973155005429 77-0 0.5969763506827162 0.8460408589756996 8.91

0.639778274121765 0.8318117808956773
0.6976325478802968 0.9335973155005429 77-0 0.6687054110010309 0.8827045481981102 3.92

0.7364965916091399 0.9120311210798182
0.6976325478802968 0.9335973155005429 77-0 0.7170645697447184 0.9228142182901806 1.49

0.28642584237566937 0.3314953188590668
0.335787838656186 0.2641229243300306 78-0 0.3111068405159277 0.2978091215945487 2.8

0.29863460478543524 0.22543417016613487
0.335787838656186 0.2641229243300306 78-0 0.3172112217208106 0.24477854724808273 1.8

0.39961602589551704 0.2360702388974033
0.335787838656186 0.2641229243300306 78-0 0.3677019322758515 0.25009658161371695 2.37

0.34217054281636095 0.3088836343474294
0.335787838656186 0.2641229243300306 78-0 0.3389791907362735 0.28650327933873 1.52

0.34053747554002667 0.16926280545940675
0.28642584237566937 0.3314953188590668 79-0 0.313481658957848 0.2503790621592368 5.71

0.335787838656186 0.2641229243300306
0.28642584237566937 0.3314953188590668 79-0 0.3111068405159277 0.2978091215945487 2.8

0.258254385543083 0.27739624982733135
0.28642584237566937 0.3314953188590668 79-0 0.2723401139593762 0.3044457843431991 2.08

0.04190717168307756 0.9672901541319067
0.2260520940347971 0.9119363213458724 80-0 0.13397963285893733 0.9396132377388895 6.42

0.39936403073417515 0.9600029288472383
0.2260520940347971 0.9119363213458724 80-0 0.3127080623844861 0.9359696250965553 6.01

0.2423625433715273 0.9900796126590734
0.2260520940347971 0.9119363213458724 80-0 0.2342073187031622 0.9510079670024729 2.67

0.6604987724204743 0.587011755733394
0.7265967827310587 0.5627662621254481 81-0 0.6935477775757665 0.5748890089294211 2.36

0.7753595077058366 0.5661024036143408
0.7265967827310587 0.5627662621254481 81-0 0.7509781452184476 0.5644343328698944 1.64

0.44544277841733737 0.6783797652768088
0.49632015348513536 0.7584844024508562 82-0 0.47088146595123637 0.7184320838638325 3.29

0.6976325478802968 0.9335973155005429
0.49632015348513536 0.7584844024508562 82-0 0.5969763506827162 0.8460408589756996 8.91

0.9177270762619393 0.47586120677937294
0.9537921284296029 0.1382552120390973 83-0 0.935759602345771 0.3070582094092351 11.33

0.9968198497053123 0.11526205963549785
0.9537921284296029 0.1382552120390973 83-0 0.9753059890674576 0.12675863583729757 1.64

0.9044470738548566 0.17000312774421644
0.9537921284296029 0.1382552120390973 83-0 0.9291196011422298 0.15412916989165687 1.97

0.8122603173098518 0.45324868826322007
0.9177270762619393 0.47586120677937294 84-0 0.8649936967858955 0.4645549475212965 3.61

0.9537921284296029 0.1382552120390973
0.9177270762619393 0.47586120677937294 84-0 0.935759602345771 0.3070582094092351 11.33

0.9408279877219123 0.3440572073369361
0.9177270762619393 0.47586120677937294 84-0 0.9292775319919258 0.40995920705815453 4.47

0.9804414746606496 0.6725303781461971
0.9177270762619393 0.47586120677937294 84-0 0.9490842754612945 0.574195792462785 6.89

0.44544277841733737 0.6783797652768088
0.3885885465031045 0.6861130281126945 85-0 0.4170156624602209 0.6822463966947516 1.93

0.2350000143827573 0.6700772514836173
0.3885885465031045 0.6861130281126945 85-0 0.3117942804429309 0.6780951397981558 5.16

0.39021417898293276 0.5956962847959169
0.3885885465031045 0.6861130281126945 85-0 0.3894013627430186 0.6409046564543057 3.03

0.3967061906090169 0.7843196142385418
0.3885885465031045 0.6861130281126945 85-0 0.3926473685560607 0.7352163211756182 3.3

0.7582722673191186 0.4243593596136269
0.7075302339591455 0.40007976919806854 86-0 0.732901250639132 0.4122195644058477 1.89

0.6350890268821068 0.31634420433386634
0.7075302339591455 0.40007976919806854 86-0 0.6713096304206261 0.35821198676596744 3.7

0.37316781001316823 0.0546764400980424
0.34053747554002667 0.16926280545940675 87-0 0.35685264277659745 0.11196962277872458 3.98

0.28642584237566937 0.3314953188590668
0.34053747554002667 0.16926280545940675 87-0 0.313481658957848 0.2503790621592368 5.71

0.08525179771789826 0.13543060413355756
0.34053747554002667 0.16926280545940675 87-0 0.21289463662896246 0.15234670479648216 8.6

0.012157413704450337 0.705187367001111
0.014840767808392052 0.44305229457420314 88-0 0.013499090756421195 0.574119830787657 8.75

0.10636682714176005 0.323222337992929
0.014840767808392052 0.44305229457420314 88-0 0.06060379747507605 0.38313731628356607 5.04

0.5370006602162455 0.20706602279715747
0.37316781001316823 0.0546764400980424 89-0 0.45508423511470686 0.13087123144759993 7.47

0.34053747554002667 0.16926280545940675
0.37316781001316823 0.0546764400980424 89-0 0.35685264277659745 0.11196962277872458 3.98

0.27061100239245506 0.027108715853023102
0.37316781001316823 0.0546764400980424 89-0 0.32188940620281165 0.04089257797553275 3.55

0.42253904045997526 0.039309486264641924
0.37316781001316823 0.0546764400980424 89-0 0.39785342523657174 0.04699296318134216 1.74

0.6604987724204743 0.587011755733394
0.9796936650798226 0.9516961205579947 90-0 0.8200962187501484 0.7693539381456944 16.17

0.9022666597492872 0.9895402467593547
0.9796936650798226 0.9516961205579947 90-0 0.9409801624145548 0.9706181836586747 2.89

0.9936768935612235 0.9486496154250631
0.9796936650798226 0.9516961205579947 90-0 0.986685279320523 0.9501728679915289 0.49

0.8122603173098518 0.45324868826322007
0.7582722673191186 0.4243593596136269 91-0 0.7852662923144852 0.4388040239384235 2.05

0.7075302339591455 0.40007976919806854
0.7582722673191186 0.4243593596136269 91-0 0.732901250639132 0.4122195644058477 1.89

0.4912462094388611 0.5315104759108269
0.44544277841733737 0.6783797652768088 92-0 0.46834449392809924 0.6049451205938179 5.14

0.3885885465031045 0.6861130281126945
0.44544277841733737 0.6783797652768088 92-0 0.4170156624602209 0.6822463966947516 1.93

0.49632015348513536 0.7584844024508562
0.44544277841733737 0.6783797652768088 92-0 0.47088146595123637 0.7184320838638325 3.29

0.5135074102785344 0.671507508743582
0.44544277841733737 0.6783797652768088 92-0 0.4794750943479359 0.6749436370101953 2.33

0.6604987724204743 0.587011755733394
0.6526871485325119 0.5306382256824247 93-0 0.6565929604764931 0.5588249907079094 1.91

0.6030068679329795 0.5051839402971274
0.6526871485325119 0.5306382256824247 93-0 0.6278470082327456 0.5179110829897761 1.87

0.6673900933898074 0.5323565258344113
0.6526871485325119 0.5306382256824247 93-0 0.6600386209611596 0.531497375758418 0.51

0.8122603173098518 0.45324868826322007
0.7374754429688316 0.49274522264890386 94-0 0.7748678801393417 0.47299695545606196 2.87

0.012157413704450337 0.705187367001111
0.04190717168307756 0.9672901541319067 95-0 0.02703229269376395 0.8362387605665088 8.81

0.2260520940347971 0.9119363213458724
0.04190717168307756 0.9672901541319067 95-0 0.13397963285893733 0.9396132377388895 6.42

0.4912462094388611 0.5315104759108269
0.6604987724204743 0.587011755733394 96-0 0.5758724909296677 0.5592611158221105 5.95

0.6526871485325119 0.5306382256824247
0.6604987724204743 0.587011755733394 96-0 0.6565929604764931 0.5588249907079094 1.91

0.9796936650798226 0.9516961205579947
0.6604987724204743 0.587011755733394 96-0 0.8200962187501484 0.7693539381456944 16.17

0.7265967827310587 0.5627662621254481
0.6604987724204743 0.587011755733394 96-0 0.6935477775757665 0.5748890089294211 2.36

0.6987173754211726 0.7226801910852559
0.6604987724204743 0.587011755733394 96-0 0.6796080739208235 0.654845973409325 4.71

0.6725994636788706 0.5931619801692516
0.6604987724204743 0.587011755733394 96-0 0.6665491180496724 0.5900868679513228 0.46

0.657042471288096 0.5779177819464664
0.6604987724204743 0.587011755733394 96-0 0.6587706218542851 0.5824647688399303 0.34

0.4912462094388611 0.5315104759108269
0.8122603173098518 0.45324868826322007 97-0 0.6517532633743565 0.4923795820870235 11.03

0.7374754429688316 0.49274522264890386
0.8122603173098518 0.45324868826322007 97-0 0.7748678801393417 0.47299695545606196 2.87

0.7582722673191186 0.4243593596136269
0.8122603173098518 0.45324868826322007 97-0 0.7852662923144852 0.4388040239384235 2.05

0.9177270762619393 0.47586120677937294
0.8122603173098518 0.45324868826322007 97-0 0.8649936967858955 0.4645549475212965 3.61

0.4912462094388611 0.5315104759108269
0.012157413704450337 0.705187367001111 98-0 0.2517018115716557 0.618348921455969 17.0

0.04190717168307756 0.9672901541319067
0.012157413704450337 0.705187367001111 98-0 0.02703229269376395 0.8362387605665088 8.81

0.014840767808392052 0.44305229457420314
0.012157413704450337 0.705187367001111 98-0 0.013499090756421195 0.574119830787657 8.75

0.03585935476340474 0.7542944563714808
0.012157413704450337 0.705187367001111 98-0 0.024008384233927538 0.7297409116862958 1.83

0.0645560773960655 0.6312944083348963
0.012157413704450337 0.705187367001111 98-0 0.03835674555025792 0.6682408876680036 3.03

0.4912462094388611 0.5315104759108269
0.5370006602162455 0.20706602279715747 99-0 0.5141234348275533 0.3692882493539922 10.93

0.37316781001316823 0.0546764400980424
0.5370006602162455 0.20706602279715747 99-0 0.45508423511470686 0.13087123144759993 7.47

0.5367188026298938 0.076423038540541
0.5370006602162455 0.20706602279715747 99-0 0.5368597314230696 0.14174453066884923 4.37

0.50307461606793 0.18702706595951757
0.5370006602162455 0.20706602279715747 99-0 0.5200376381420877 0.19704654437833752 1.33

