0.9990133642141358 0.4686047402353434
1.0 0.5 0-0

0.9990133642141358 0.5313952597646567
1.0 0.5 

0.3756550564175726 0.9842915805643155
1.0 0.5 

0.9911436253643444 0.5936906572928623
1.0 0.5 

0.7408768370508578 0.06184665997806832
1.0 0.5 

0.07783603724899252 0.23208660251050162
1.0 0.5 

0.5626666167821521 0.003942649342761062
1.0 0.5 

0.07783603724899246 0.7679133974894983
1.0 0.5 

0.8422735529643444 0.13551568628929422
1.0 0.5 

0.9755282581475768 0.3454915028125266
1.0 0.5 

0.5313952597646566 0.9990133642141358
1.0 0.5 

0.5936906572928625 0.008856374635655695
1.0 0.5 

0.7679133974894984 0.07783603724899252
1.0 0.5 

0.43733338321784815 0.003942649342761062
1.0 0.5 

0.003942649342761062 0.562666616782152
1.0 0.5 

1.0 0.5
0.9990133642141358 0.5313952597646567 1-0

0.996057350657239 0.5626666167821521
0.9990133642141358 0.5313952597646567 

0.8644843137107059 0.15772644703565586
0.9990133642141358 0.5313952597646567 

0.2591231629491424 0.06184665997806821
0.9990133642141358 0.5313952597646567 

0.6545084971874737 0.9755282581475768
0.9990133642141358 0.5313952597646567 

0.5313952597646568 9.866357858642205E-4
0.9990133642141358 0.5313952597646567 

0.9221639627510075 0.7679133974894983
0.9990133642141358 0.5313952597646567 

0.06184665997806821 0.2591231629491423
0.9990133642141358 0.5313952597646567 

9.866357858642205E-4 0.5313952597646565
0.9990133642141358 0.5313952597646567 

0.8422735529643444 0.8644843137107058
0.9990133642141358 0.5313952597646567 

9.866357858642205E-4 0.4686047402353433
0.9990133642141358 0.5313952597646567 

0.684062276342339 0.9648882429441257
0.9990133642141358 0.5313952597646567 

0.3159377236576611 0.03511175705587427
0.9990133642141358 0.5313952597646567 

0.04758647376699021 0.7128896457825362
0.9990133642141358 0.5313952597646567 

0.015708419435684462 0.37565505641757246
0.9990133642141358 0.5313952597646567 

0.18128800512565513 0.8852566213878946
0.9990133642141358 0.5313952597646567 

0.9990133642141358 0.5313952597646567
0.996057350657239 0.5626666167821521 2-0

0.9911436253643444 0.5936906572928623
0.996057350657239 0.5626666167821521 

0.9524135262330098 0.7128896457825363
0.996057350657239 0.5626666167821521 

0.3756550564175726 0.9842915805643155
0.996057350657239 0.5626666167821521 

0.6840622763423392 0.03511175705587438
0.996057350657239 0.5626666167821521 

0.13551568628929417 0.8422735529643443
0.996057350657239 0.5626666167821521 

0.8644843137107059 0.15772644703565586
0.996057350657239 0.5626666167821521 

0.3756550564175728 0.015708419435684406
0.996057350657239 0.5626666167821521 

0.09549150281252639 0.20610737385376332
0.996057350657239 0.5626666167821521 

0.4686047402353433 0.9990133642141358
0.996057350657239 0.5626666167821521 

0.996057350657239 0.5626666167821521
0.9911436253643444 0.5936906572928623 3-0

0.9842915805643155 0.6243449435824274
0.9911436253643444 0.5936906572928623 

1.0 0.5
0.9911436253643444 0.5936906572928623 

0.31593772365766104 0.9648882429441257
0.9911436253643444 0.5936906572928623 

0.8187119948743449 0.8852566213878946
0.9911436253643444 0.5936906572928623 

0.5313952597646566 0.9990133642141358
0.9911436253643444 0.5936906572928623 

0.7938926261462369 0.0954915028125265
0.9911436253643444 0.5936906572928623 

0.9911436253643444 0.40630934270713764
0.9911436253643444 0.5936906572928623 

0.2061073738537635 0.9045084971874737
0.9911436253643444 0.5936906572928623 

0.4063093427071376 0.9911436253643443
0.9911436253643444 0.5936906572928623 

0.07783603724899252 0.23208660251050162
0.9911436253643444 0.5936906572928623 

0.9381533400219317 0.7408768370508576
0.9911436253643444 0.5936906572928623 

0.015708419435684462 0.37565505641757246
0.9911436253643444 0.5936906572928623 

0.003942649342761062 0.43733338321784787
0.9911436253643444 0.5936906572928623 

0.9911436253643444 0.5936906572928623
0.9842915805643155 0.6243449435824274 4-0

0.9755282581475768 0.6545084971874737
0.9842915805643155 0.6243449435824274 

0.28711035421746367 0.9524135262330098
0.9842915805643155 0.6243449435824274 

0.4063093427071376 0.9911436253643443
0.9842915805643155 0.6243449435824274 

0.5936906572928623 0.9911436253643444
0.9842915805643155 0.6243449435824274 

0.20610737385376338 0.09549150281252633
0.9842915805643155 0.6243449435824274 

0.8852566213878945 0.8187119948743449
0.9842915805643155 0.6243449435824274 

0.7679133974894983 0.9221639627510075
0.9842915805643155 0.6243449435824274 

0.6545084971874736 0.02447174185242318
0.9842915805643155 0.6243449435824274 

0.9648882429441257 0.31593772365766104
0.9842915805643155 0.6243449435824274 

0.6840622763423392 0.03511175705587438
0.9842915805643155 0.6243449435824274 

0.9842915805643155 0.6243449435824274
0.9755282581475768 0.6545084971874737 5-0

0.9648882429441257 0.684062276342339
0.9755282581475768 0.6545084971874737 

0.49999999999999994 1.0
0.9755282581475768 0.6545084971874737 

0.2591231629491424 0.06184665997806821
0.9755282581475768 0.6545084971874737 

0.8852566213878947 0.18128800512565518
0.9755282581475768 0.6545084971874737 

0.8644843137107058 0.8422735529643444
0.9755282581475768 0.6545084971874737 

0.4063093427071377 0.00885637463565564
0.9755282581475768 0.6545084971874737 

0.4686047402353434 9.866357858642205E-4
0.9755282581475768 0.6545084971874737 

0.03511175705587427 0.6840622763423388
0.9755282581475768 0.6545084971874737 

0.9755282581475768 0.6545084971874737
0.9648882429441257 0.684062276342339 6-0

0.9524135262330098 0.7128896457825363
0.9648882429441257 0.684062276342339 

0.07783603724899246 0.7679133974894983
0.9648882429441257 0.684062276342339 

0.5936906572928623 0.9911436253643444
0.9648882429441257 0.684062276342339 

0.31593772365766104 0.9648882429441257
0.9648882429441257 0.684062276342339 

0.09549150281252633 0.7938926261462367
0.9648882429441257 0.684062276342339 

0.904508497187474 0.2061073738537637
0.9648882429441257 0.684062276342339 

9.866357858642205E-4 0.4686047402353433
0.9648882429441257 0.684062276342339 

0.3756550564175726 0.9842915805643155
0.9648882429441257 0.684062276342339 

0.4063093427071376 0.9911436253643443
0.9648882429441257 0.684062276342339 

0.9045084971874737 0.7938926261462366
0.9648882429441257 0.684062276342339 

0.7128896457825363 0.9524135262330098
0.9648882429441257 0.684062276342339 

0.11474337861210532 0.8187119948743448
0.9648882429441257 0.684062276342339 

0.9911436253643444 0.40630934270713764
0.9648882429441257 0.684062276342339 

0.9524135262330098 0.2871103542174639
0.9648882429441257 0.684062276342339 

0.9648882429441257 0.684062276342339
0.9524135262330098 0.7128896457825363 7-0

0.9381533400219317 0.7408768370508576
0.9524135262330098 0.7128896457825363 

0.4999999999999999 0.0
0.9524135262330098 0.7128896457825363 

9.866357858642205E-4 0.5313952597646565
0.9524135262330098 0.7128896457825363 

0.996057350657239 0.5626666167821521
0.9524135262330098 0.7128896457825363 

0.6840622763423392 0.03511175705587438
0.9524135262330098 0.7128896457825363 

0.5936906572928625 0.008856374635655695
0.9524135262330098 0.7128896457825363 

0.015708419435684462 0.6243449435824274
0.9524135262330098 0.7128896457825363 

0.15772644703565564 0.8644843137107057
0.9524135262330098 0.7128896457825363 

0.8644843137107059 0.15772644703565586
0.9524135262330098 0.7128896457825363 

0.9221639627510076 0.23208660251050184
0.9524135262330098 0.7128896457825363 

0.9524135262330098 0.7128896457825363
0.9381533400219317 0.7408768370508576 8-0

0.9221639627510075 0.7679133974894983
0.9381533400219317 0.7408768370508576 

0.15772644703565564 0.8644843137107057
0.9381533400219317 0.7408768370508576 

0.003942649342761062 0.43733338321784787
0.9381533400219317 0.7408768370508576 

0.5936906572928625 0.008856374635655695
0.9381533400219317 0.7408768370508576 

0.09549150281252633 0.7938926261462367
0.9381533400219317 0.7408768370508576 

0.5936906572928623 0.9911436253643444
0.9381533400219317 0.7408768370508576 

0.7679133974894984 0.07783603724899252
0.9381533400219317 0.7408768370508576 

0.5626666167821521 0.003942649342761062
0.9381533400219317 0.7408768370508576 

0.904508497187474 0.2061073738537637
0.9381533400219317 0.7408768370508576 

0.9990133642141358 0.4686047402353434
0.9381533400219317 0.7408768370508576 

0.2061073738537635 0.9045084971874737
0.9381533400219317 0.7408768370508576 

0.9911436253643444 0.5936906572928623
0.9381533400219317 0.7408768370508576 

0.9381533400219317 0.7408768370508576
0.9221639627510075 0.7679133974894983 9-0

0.9045084971874737 0.7938926261462366
0.9221639627510075 0.7679133974894983 

0.07783603724899252 0.23208660251050162
0.9221639627510075 0.7679133974894983 

0.9381533400219317 0.25912316294914234
0.9221639627510075 0.7679133974894983 

0.18128800512565513 0.8852566213878946
0.9221639627510075 0.7679133974894983 

0.28711035421746367 0.9524135262330098
0.9221639627510075 0.7679133974894983 

0.0 0.49999999999999983
0.9221639627510075 0.7679133974894983 

0.9990133642141358 0.5313952597646567
0.9221639627510075 0.7679133974894983 

0.4373333832178478 0.9960573506572389
0.9221639627510075 0.7679133974894983 

0.9221639627510075 0.7679133974894983
0.9045084971874737 0.7938926261462366 10-0

0.8852566213878945 0.8187119948743449
0.9045084971874737 0.7938926261462366 

0.008856374635655695 0.4063093427071376
0.9045084971874737 0.7938926261462366 

0.7408768370508578 0.06184665997806832
0.9045084971874737 0.7938926261462366 

0.04758647376699021 0.7128896457825362
0.9045084971874737 0.7938926261462366 

0.2591231629491423 0.9381533400219317
0.9045084971874737 0.7938926261462366 

0.9221639627510076 0.23208660251050184
0.9045084971874737 0.7938926261462366 

0.5313952597646566 0.9990133642141358
0.9045084971874737 0.7938926261462366 

0.9648882429441257 0.684062276342339
0.9045084971874737 0.7938926261462366 

0.7128896457825363 0.04758647376699021
0.9045084971874737 0.7938926261462366 

0.9045084971874737 0.7938926261462366
0.8852566213878945 0.8187119948743449 11-0

0.8644843137107058 0.8422735529643444
0.8852566213878945 0.8187119948743449 

0.5936906572928623 0.9911436253643444
0.8852566213878945 0.8187119948743449 

0.3159377236576611 0.03511175705587427
0.8852566213878945 0.8187119948743449 

0.9842915805643155 0.6243449435824274
0.8852566213878945 0.8187119948743449 

0.5936906572928625 0.008856374635655695
0.8852566213878945 0.8187119948743449 

0.9911436253643444 0.40630934270713764
0.8852566213878945 0.8187119948743449 

0.6545084971874736 0.02447174185242318
0.8852566213878945 0.8187119948743449 

0.13551568628929422 0.15772644703565564
0.8852566213878945 0.8187119948743449 

0.4686047402353433 0.9990133642141358
0.8852566213878945 0.8187119948743449 

0.9381533400219317 0.25912316294914234
0.8852566213878945 0.8187119948743449 

0.06184665997806821 0.7408768370508576
0.8852566213878945 0.8187119948743449 

0.5313952597646566 0.9990133642141358
0.8852566213878945 0.8187119948743449 

0.8852566213878945 0.8187119948743449
0.8644843137107058 0.8422735529643444 12-0

0.8422735529643444 0.8644843137107058
0.8644843137107058 0.8422735529643444 

0.5936906572928625 0.008856374635655695
0.8644843137107058 0.8422735529643444 

0.5313952597646568 9.866357858642205E-4
0.8644843137107058 0.8422735529643444 

0.9755282581475768 0.6545084971874737
0.8644843137107058 0.8422735529643444 

0.3454915028125262 0.024471741852423234
0.8644843137107058 0.8422735529643444 

0.4373333832178478 0.9960573506572389
0.8644843137107058 0.8422735529643444 

0.7938926261462369 0.0954915028125265
0.8644843137107058 0.8422735529643444 

0.7938926261462365 0.9045084971874737
0.8644843137107058 0.8422735529643444 

0.04758647376699027 0.28711035421746367
0.8644843137107058 0.8422735529643444 

0.3159377236576611 0.03511175705587427
0.8644843137107058 0.8422735529643444 

0.8644843137107058 0.8422735529643444
0.8422735529643444 0.8644843137107058 13-0

0.8187119948743449 0.8852566213878946
0.8422735529643444 0.8644843137107058 

0.20610737385376338 0.09549150281252633
0.8422735529643444 0.8644843137107058 

0.9648882429441257 0.31593772365766104
0.8422735529643444 0.8644843137107058 

0.03511175705587438 0.3159377236576608
0.8422735529643444 0.8644843137107058 

0.1577264470356557 0.13551568628929422
0.8422735529643444 0.8644843137107058 

0.7679133974894984 0.07783603724899252
0.8422735529643444 0.8644843137107058 

0.8644843137107059 0.15772644703565586
0.8422735529643444 0.8644843137107058 

0.9990133642141358 0.5313952597646567
0.8422735529643444 0.8644843137107058 

0.13551568628929422 0.15772644703565564
0.8422735529643444 0.8644843137107058 

0.8422735529643444 0.8644843137107058
0.8187119948743449 0.8852566213878946 14-0

0.7938926261462365 0.9045084971874737
0.8187119948743449 0.8852566213878946 

0.9911436253643444 0.5936906572928623
0.8187119948743449 0.8852566213878946 

0.8644843137107059 0.15772644703565586
0.8187119948743449 0.8852566213878946 

0.3756550564175728 0.015708419435684406
0.8187119948743449 0.8852566213878946 

0.18128800512565524 0.11474337861210532
0.8187119948743449 0.8852566213878946 

0.015708419435684462 0.37565505641757246
0.8187119948743449 0.8852566213878946 

0.8422735529643444 0.13551568628929422
0.8187119948743449 0.8852566213878946 

0.2061073738537635 0.9045084971874737
0.8187119948743449 0.8852566213878946 

0.9755282581475768 0.3454915028125266
0.8187119948743449 0.8852566213878946 

0.15772644703565564 0.8644843137107057
0.8187119948743449 0.8852566213878946 

0.8187119948743449 0.8852566213878946
0.7938926261462365 0.9045084971874737 15-0

0.7679133974894983 0.9221639627510075
0.7938926261462365 0.9045084971874737 

0.2591231629491423 0.9381533400219317
0.7938926261462365 0.9045084971874737 

0.43733338321784815 0.003942649342761062
0.7938926261462365 0.9045084971874737 

0.6243449435824273 0.9842915805643155
0.7938926261462365 0.9045084971874737 

9.866357858642205E-4 0.4686047402353433
0.7938926261462365 0.9045084971874737 

0.4373333832178478 0.9960573506572389
0.7938926261462365 0.9045084971874737 

0.9221639627510076 0.23208660251050184
0.7938926261462365 0.9045084971874737 

0.003942649342761062 0.562666616782152
0.7938926261462365 0.9045084971874737 

0.8644843137107058 0.8422735529643444
0.7938926261462365 0.9045084971874737 

0.7679133974894984 0.07783603724899252
0.7938926261462365 0.9045084971874737 

0.7938926261462365 0.9045084971874737
0.7679133974894983 0.9221639627510075 16-0

0.7408768370508576 0.9381533400219318
0.7679133974894983 0.9221639627510075 

0.003942649342761062 0.562666616782152
0.7679133974894983 0.9221639627510075 

0.2591231629491424 0.06184665997806821
0.7679133974894983 0.9221639627510075 

0.6243449435824273 0.9842915805643155
0.7679133974894983 0.9221639627510075 

0.6243449435824274 0.015708419435684462
0.7679133974894983 0.9221639627510075 

0.9842915805643155 0.6243449435824274
0.7679133974894983 0.9221639627510075 

0.5626666167821521 0.996057350657239
0.7679133974894983 0.9221639627510075 

0.9221639627510076 0.23208660251050184
0.7679133974894983 0.9221639627510075 

0.6840622763423392 0.03511175705587438
0.7679133974894983 0.9221639627510075 

0.7679133974894983 0.9221639627510075
0.7408768370508576 0.9381533400219318 17-0

0.7128896457825363 0.9524135262330098
0.7408768370508576 0.9381533400219318 

0.7128896457825363 0.04758647376699021
0.7408768370508576 0.9381533400219318 

0.1577264470356557 0.13551568628929422
0.7408768370508576 0.9381533400219318 

0.03511175705587427 0.6840622763423388
0.7408768370508576 0.9381533400219318 

0.5936906572928625 0.008856374635655695
0.7408768370508576 0.9381533400219318 

0.00885637463565564 0.5936906572928623
0.7408768370508576 0.9381533400219318 

0.7679133974894984 0.07783603724899252
0.7408768370508576 0.9381533400219318 

0.13551568628929417 0.8422735529643443
0.7408768370508576 0.9381533400219318 

0.43733338321784815 0.003942649342761062
0.7408768370508576 0.9381533400219318 

0.9381533400219317 0.25912316294914234
0.7408768370508576 0.9381533400219318 

0.13551568628929422 0.15772644703565564
0.7408768370508576 0.9381533400219318 

0.6243449435824274 0.015708419435684462
0.7408768370508576 0.9381533400219318 

0.7408768370508576 0.9381533400219318
0.7128896457825363 0.9524135262330098 18-0

0.684062276342339 0.9648882429441257
0.7128896457825363 0.9524135262330098 

0.09549150281252639 0.20610737385376332
0.7128896457825363 0.9524135262330098 

0.3756550564175726 0.9842915805643155
0.7128896457825363 0.9524135262330098 

0.06184665997806821 0.7408768370508576
0.7128896457825363 0.9524135262330098 

0.4999999999999999 0.0
0.7128896457825363 0.9524135262330098 

0.11474337861210532 0.8187119948743448
0.7128896457825363 0.9524135262330098 

0.3454915028125262 0.024471741852423234
0.7128896457825363 0.9524135262330098 

0.996057350657239 0.4373333832178481
0.7128896457825363 0.9524135262330098 

0.9648882429441257 0.684062276342339
0.7128896457825363 0.9524135262330098 

0.9648882429441257 0.31593772365766104
0.7128896457825363 0.9524135262330098 

0.9381533400219317 0.25912316294914234
0.7128896457825363 0.9524135262330098 

0.04758647376699021 0.7128896457825362
0.7128896457825363 0.9524135262330098 

0.7128896457825363 0.9524135262330098
0.684062276342339 0.9648882429441257 19-0

0.6545084971874737 0.9755282581475768
0.684062276342339 0.9648882429441257 

0.6545084971874736 0.02447174185242318
0.684062276342339 0.9648882429441257 

0.0 0.49999999999999983
0.684062276342339 0.9648882429441257 

0.3756550564175726 0.9842915805643155
0.684062276342339 0.9648882429441257 

0.4373333832178478 0.9960573506572389
0.684062276342339 0.9648882429441257 

0.09549150281252639 0.20610737385376332
0.684062276342339 0.9648882429441257 

0.03511175705587427 0.6840622763423388
0.684062276342339 0.9648882429441257 

0.13551568628929422 0.15772644703565564
0.684062276342339 0.9648882429441257 

0.9911436253643444 0.40630934270713764
0.684062276342339 0.9648882429441257 

0.9990133642141358 0.5313952597646567
0.684062276342339 0.9648882429441257 

0.8422735529643444 0.13551568628929422
0.684062276342339 0.9648882429441257 

0.904508497187474 0.2061073738537637
0.684062276342339 0.9648882429441257 

0.684062276342339 0.9648882429441257
0.6545084971874737 0.9755282581475768 20-0

0.6243449435824273 0.9842915805643155
0.6545084971874737 0.9755282581475768 

0.09549150281252639 0.20610737385376332
0.6545084971874737 0.9755282581475768 

0.9990133642141358 0.5313952597646567
0.6545084971874737 0.9755282581475768 

0.904508497187474 0.2061073738537637
0.6545084971874737 0.9755282581475768 

0.5626666167821521 0.003942649342761062
0.6545084971874737 0.9755282581475768 

0.2591231629491423 0.9381533400219317
0.6545084971874737 0.9755282581475768 

0.5313952597646568 9.866357858642205E-4
0.6545084971874737 0.9755282581475768 

0.6545084971874737 0.9755282581475768
0.6243449435824273 0.9842915805643155 21-0

0.5936906572928623 0.9911436253643444
0.6243449435824273 0.9842915805643155 

0.003942649342761062 0.562666616782152
0.6243449435824273 0.9842915805643155 

0.00885637463565564 0.5936906572928623
0.6243449435824273 0.9842915805643155 

0.7679133974894983 0.9221639627510075
0.6243449435824273 0.9842915805643155 

0.7938926261462365 0.9045084971874737
0.6243449435824273 0.9842915805643155 

0.7128896457825363 0.04758647376699021
0.6243449435824273 0.9842915805643155 

0.13551568628929422 0.15772644703565564
0.6243449435824273 0.9842915805643155 

0.4063093427071376 0.9911436253643443
0.6243449435824273 0.9842915805643155 

0.2591231629491424 0.06184665997806821
0.6243449435824273 0.9842915805643155 

0.2871103542174639 0.0475864737669901
0.6243449435824273 0.9842915805643155 

0.6243449435824273 0.9842915805643155
0.5936906572928623 0.9911436253643444 22-0

0.5626666167821521 0.996057350657239
0.5936906572928623 0.9911436253643444 

0.9648882429441257 0.684062276342339
0.5936906572928623 0.9911436253643444 

0.9842915805643155 0.6243449435824274
0.5936906572928623 0.9911436253643444 

0.8852566213878945 0.8187119948743449
0.5936906572928623 0.9911436253643444 

0.9842915805643155 0.37565505641757274
0.5936906572928623 0.9911436253643444 

0.9381533400219317 0.7408768370508576
0.5936906572928623 0.9911436253643444 

0.9648882429441257 0.31593772365766104
0.5936906572928623 0.9911436253643444 

0.003942649342761062 0.43733338321784787
0.5936906572928623 0.9911436253643444 

0.003942649342761062 0.562666616782152
0.5936906572928623 0.9911436253643444 

0.5936906572928623 0.9911436253643444
0.5626666167821521 0.996057350657239 23-0

0.5313952597646566 0.9990133642141358
0.5626666167821521 0.996057350657239 

0.7408768370508578 0.06184665997806832
0.5626666167821521 0.996057350657239 

0.15772644703565564 0.8644843137107057
0.5626666167821521 0.996057350657239 

9.866357858642205E-4 0.4686047402353433
0.5626666167821521 0.996057350657239 

0.7938926261462369 0.0954915028125265
0.5626666167821521 0.996057350657239 

0.015708419435684462 0.37565505641757246
0.5626666167821521 0.996057350657239 

0.7679133974894983 0.9221639627510075
0.5626666167821521 0.996057350657239 

0.13551568628929422 0.15772644703565564
0.5626666167821521 0.996057350657239 

0.5626666167821521 0.996057350657239
0.5313952597646566 0.9990133642141358 24-0

0.49999999999999994 1.0
0.5313952597646566 0.9990133642141358 

0.4686047402353433 0.9990133642141358
0.5313952597646566 0.9990133642141358 

0.9911436253643444 0.5936906572928623
0.5313952597646566 0.9990133642141358 

0.9842915805643155 0.37565505641757274
0.5313952597646566 0.9990133642141358 

0.03511175705587438 0.3159377236576608
0.5313952597646566 0.9990133642141358 

0.07783603724899252 0.23208660251050162
0.5313952597646566 0.9990133642141358 

0.43733338321784815 0.003942649342761062
0.5313952597646566 0.9990133642141358 

0.9045084971874737 0.7938926261462366
0.5313952597646566 0.9990133642141358 

1.0 0.5
0.5313952597646566 0.9990133642141358 

0.15772644703565564 0.8644843137107057
0.5313952597646566 0.9990133642141358 

0.8852566213878945 0.8187119948743449
0.5313952597646566 0.9990133642141358 

0.5313952597646566 0.9990133642141358
0.49999999999999994 1.0 25-0

0.4686047402353433 0.9990133642141358
0.49999999999999994 1.0 

0.9755282581475768 0.6545084971874737
0.49999999999999994 1.0 

0.02447174185242318 0.6545084971874735
0.49999999999999994 1.0 

0.2591231629491424 0.06184665997806821
0.49999999999999994 1.0 

0.5936906572928625 0.008856374635655695
0.49999999999999994 1.0 

9.866357858642205E-4 0.4686047402353433
0.49999999999999994 1.0 

0.8422735529643444 0.13551568628929422
0.49999999999999994 1.0 

0.996057350657239 0.4373333832178481
0.49999999999999994 1.0 

0.7128896457825363 0.04758647376699021
0.49999999999999994 1.0 

0.024471741852423234 0.34549150281252616
0.49999999999999994 1.0 

0.49999999999999994 1.0
0.4686047402353433 0.9990133642141358 26-0

0.4373333832178478 0.9960573506572389
0.4686047402353433 0.9990133642141358 

0.4063093427071376 0.9911436253643443
0.4686047402353433 0.9990133642141358 

0.5313952597646566 0.9990133642141358
0.4686047402353433 0.9990133642141358 

0.9381533400219317 0.25912316294914234
0.4686047402353433 0.9990133642141358 

0.015708419435684462 0.6243449435824274
0.4686047402353433 0.9990133642141358 

0.4686047402353434 9.866357858642205E-4
0.4686047402353433 0.9990133642141358 

0.15772644703565564 0.8644843137107057
0.4686047402353433 0.9990133642141358 

0.996057350657239 0.5626666167821521
0.4686047402353433 0.9990133642141358 

0.5626666167821521 0.003942649342761062
0.4686047402353433 0.9990133642141358 

0.8852566213878945 0.8187119948743449
0.4686047402353433 0.9990133642141358 

0.3454915028125262 0.9755282581475768
0.4686047402353433 0.9990133642141358 

0.4686047402353433 0.9990133642141358
0.4373333832178478 0.9960573506572389 27-0

0.4063093427071376 0.9911436253643443
0.4373333832178478 0.9960573506572389 

0.2591231629491423 0.9381533400219317
0.4373333832178478 0.9960573506572389 

0.11474337861210532 0.8187119948743448
0.4373333832178478 0.9960573506572389 

0.684062276342339 0.9648882429441257
0.4373333832178478 0.9960573506572389 

0.7938926261462365 0.9045084971874737
0.4373333832178478 0.9960573506572389 

0.8644843137107058 0.8422735529643444
0.4373333832178478 0.9960573506572389 

0.5313952597646568 9.866357858642205E-4
0.4373333832178478 0.9960573506572389 

0.9221639627510075 0.7679133974894983
0.4373333832178478 0.9960573506572389 

0.00885637463565564 0.5936906572928623
0.4373333832178478 0.9960573506572389 

0.23208660251050156 0.9221639627510074
0.4373333832178478 0.9960573506572389 

0.4373333832178478 0.9960573506572389
0.4063093427071376 0.9911436253643443 28-0

0.3756550564175726 0.9842915805643155
0.4063093427071376 0.9911436253643443 

0.4686047402353433 0.9990133642141358
0.4063093427071376 0.9911436253643443 

0.996057350657239 0.4373333832178481
0.4063093427071376 0.9911436253643443 

0.8422735529643444 0.13551568628929422
0.4063093427071376 0.9911436253643443 

0.9842915805643155 0.6243449435824274
0.4063093427071376 0.9911436253643443 

0.3756550564175728 0.015708419435684406
0.4063093427071376 0.9911436253643443 

0.43733338321784815 0.003942649342761062
0.4063093427071376 0.9911436253643443 

0.13551568628929417 0.8422735529643443
0.4063093427071376 0.9911436253643443 

0.5936906572928625 0.008856374635655695
0.4063093427071376 0.9911436253643443 

0.9648882429441257 0.684062276342339
0.4063093427071376 0.9911436253643443 

0.6243449435824273 0.9842915805643155
0.4063093427071376 0.9911436253643443 

0.2061073738537635 0.9045084971874737
0.4063093427071376 0.9911436253643443 

0.9911436253643444 0.5936906572928623
0.4063093427071376 0.9911436253643443 

0.4063093427071376 0.9911436253643443
0.3756550564175726 0.9842915805643155 29-0

0.3454915028125262 0.9755282581475768
0.3756550564175726 0.9842915805643155 

0.684062276342339 0.9648882429441257
0.3756550564175726 0.9842915805643155 

0.7128896457825363 0.9524135262330098
0.3756550564175726 0.9842915805643155 

1.0 0.5
0.3756550564175726 0.9842915805643155 

0.2871103542174639 0.0475864737669901
0.3756550564175726 0.9842915805643155 

0.996057350657239 0.5626666167821521
0.3756550564175726 0.9842915805643155 

0.904508497187474 0.2061073738537637
0.3756550564175726 0.9842915805643155 

0.003942649342761062 0.43733338321784787
0.3756550564175726 0.9842915805643155 

0.9648882429441257 0.684062276342339
0.3756550564175726 0.9842915805643155 

0.7408768370508578 0.06184665997806832
0.3756550564175726 0.9842915805643155 

0.13551568628929417 0.8422735529643443
0.3756550564175726 0.9842915805643155 

0.3756550564175726 0.9842915805643155
0.3454915028125262 0.9755282581475768 30-0

0.31593772365766104 0.9648882429441257
0.3454915028125262 0.9755282581475768 

0.6545084971874736 0.02447174185242318
0.3454915028125262 0.9755282581475768 

0.6243449435824274 0.015708419435684462
0.3454915028125262 0.9755282581475768 

0.0 0.49999999999999983
0.3454915028125262 0.9755282581475768 

0.00885637463565564 0.5936906572928623
0.3454915028125262 0.9755282581475768 

0.11474337861210548 0.18128800512565502
0.3454915028125262 0.9755282581475768 

0.904508497187474 0.2061073738537637
0.3454915028125262 0.9755282581475768 

0.43733338321784815 0.003942649342761062
0.3454915028125262 0.9755282581475768 

0.20610737385376338 0.09549150281252633
0.3454915028125262 0.9755282581475768 

0.8644843137107059 0.15772644703565586
0.3454915028125262 0.9755282581475768 

0.4999999999999999 0.0
0.3454915028125262 0.9755282581475768 

0.8852566213878947 0.18128800512565518
0.3454915028125262 0.9755282581475768 

0.15772644703565564 0.8644843137107057
0.3454915028125262 0.9755282581475768 

0.4686047402353433 0.9990133642141358
0.3454915028125262 0.9755282581475768 

0.3454915028125262 0.9755282581475768
0.31593772365766104 0.9648882429441257 31-0

0.28711035421746367 0.9524135262330098
0.31593772365766104 0.9648882429441257 

0.6840622763423392 0.03511175705587438
0.31593772365766104 0.9648882429441257 

0.9911436253643444 0.5936906572928623
0.31593772365766104 0.9648882429441257 

0.9648882429441257 0.684062276342339
0.31593772365766104 0.9648882429441257 

0.20610737385376338 0.09549150281252633
0.31593772365766104 0.9648882429441257 

0.4686047402353434 9.866357858642205E-4
0.31593772365766104 0.9648882429441257 

0.003942649342761062 0.562666616782152
0.31593772365766104 0.9648882429441257 

0.9524135262330098 0.2871103542174639
0.31593772365766104 0.9648882429441257 

0.9842915805643155 0.37565505641757274
0.31593772365766104 0.9648882429441257 

0.03511175705587438 0.3159377236576608
0.31593772365766104 0.9648882429441257 

0.18128800512565513 0.8852566213878946
0.31593772365766104 0.9648882429441257 

0.31593772365766104 0.9648882429441257
0.28711035421746367 0.9524135262330098 32-0

0.2591231629491423 0.9381533400219317
0.28711035421746367 0.9524135262330098 

0.13551568628929422 0.15772644703565564
0.28711035421746367 0.9524135262330098 

0.9842915805643155 0.6243449435824274
0.28711035421746367 0.9524135262330098 

0.9221639627510075 0.7679133974894983
0.28711035421746367 0.9524135262330098 

0.3756550564175728 0.015708419435684406
0.28711035421746367 0.9524135262330098 

0.02447174185242318 0.6545084971874735
0.28711035421746367 0.9524135262330098 

0.8852566213878947 0.18128800512565518
0.28711035421746367 0.9524135262330098 

0.6840622763423392 0.03511175705587438
0.28711035421746367 0.9524135262330098 

0.9990133642141358 0.4686047402353434
0.28711035421746367 0.9524135262330098 

0.3159377236576611 0.03511175705587427
0.28711035421746367 0.9524135262330098 

0.28711035421746367 0.9524135262330098
0.2591231629491423 0.9381533400219317 33-0

0.23208660251050156 0.9221639627510074
0.2591231629491423 0.9381533400219317 

0.4373333832178478 0.9960573506572389
0.2591231629491423 0.9381533400219317 

0.7938926261462365 0.9045084971874737
0.2591231629491423 0.9381533400219317 

0.9524135262330098 0.2871103542174639
0.2591231629491423 0.9381533400219317 

0.9990133642141358 0.4686047402353434
0.2591231629491423 0.9381533400219317 

0.8422735529643444 0.13551568628929422
0.2591231629491423 0.9381533400219317 

0.9045084971874737 0.7938926261462366
0.2591231629491423 0.9381533400219317 

0.11474337861210548 0.18128800512565502
0.2591231629491423 0.9381533400219317 

0.09549150281252639 0.20610737385376332
0.2591231629491423 0.9381533400219317 

0.03511175705587438 0.3159377236576608
0.2591231629491423 0.9381533400219317 

0.02447174185242318 0.6545084971874735
0.2591231629491423 0.9381533400219317 

0.6545084971874737 0.9755282581475768
0.2591231629491423 0.9381533400219317 

0.2591231629491423 0.9381533400219317
0.23208660251050156 0.9221639627510074 34-0

0.2061073738537635 0.9045084971874737
0.23208660251050156 0.9221639627510074 

0.06184665997806821 0.7408768370508576
0.23208660251050156 0.9221639627510074 

0.7408768370508578 0.06184665997806832
0.23208660251050156 0.9221639627510074 

0.43733338321784815 0.003942649342761062
0.23208660251050156 0.9221639627510074 

0.4373333832178478 0.9960573506572389
0.23208660251050156 0.9221639627510074 

0.23208660251050156 0.9221639627510074
0.2061073738537635 0.9045084971874737 35-0

0.18128800512565513 0.8852566213878946
0.2061073738537635 0.9045084971874737 

0.015708419435684462 0.6243449435824274
0.2061073738537635 0.9045084971874737 

0.8187119948743449 0.8852566213878946
0.2061073738537635 0.9045084971874737 

0.1577264470356557 0.13551568628929422
0.2061073738537635 0.9045084971874737 

0.9381533400219317 0.7408768370508576
0.2061073738537635 0.9045084971874737 

0.4063093427071376 0.9911436253643443
0.2061073738537635 0.9045084971874737 

0.9911436253643444 0.5936906572928623
0.2061073738537635 0.9045084971874737 

0.0 0.49999999999999983
0.2061073738537635 0.9045084971874737 

0.2061073738537635 0.9045084971874737
0.18128800512565513 0.8852566213878946 36-0

0.15772644703565564 0.8644843137107057
0.18128800512565513 0.8852566213878946 

0.9221639627510075 0.7679133974894983
0.18128800512565513 0.8852566213878946 

0.8644843137107059 0.15772644703565586
0.18128800512565513 0.8852566213878946 

0.9648882429441257 0.31593772365766104
0.18128800512565513 0.8852566213878946 

0.1577264470356557 0.13551568628929422
0.18128800512565513 0.8852566213878946 

0.31593772365766104 0.9648882429441257
0.18128800512565513 0.8852566213878946 

0.9990133642141358 0.5313952597646567
0.18128800512565513 0.8852566213878946 

0.18128800512565513 0.8852566213878946
0.15772644703565564 0.8644843137107057 37-0

0.13551568628929417 0.8422735529643443
0.15772644703565564 0.8644843137107057 

0.9381533400219317 0.7408768370508576
0.15772644703565564 0.8644843137107057 

0.6243449435824274 0.015708419435684462
0.15772644703565564 0.8644843137107057 

0.5626666167821521 0.996057350657239
0.15772644703565564 0.8644843137107057 

0.5936906572928625 0.008856374635655695
0.15772644703565564 0.8644843137107057 

0.5313952597646568 9.866357858642205E-4
0.15772644703565564 0.8644843137107057 

0.8187119948743449 0.8852566213878946
0.15772644703565564 0.8644843137107057 

0.4686047402353433 0.9990133642141358
0.15772644703565564 0.8644843137107057 

0.11474337861210548 0.18128800512565502
0.15772644703565564 0.8644843137107057 

0.3454915028125262 0.9755282581475768
0.15772644703565564 0.8644843137107057 

0.8852566213878947 0.18128800512565518
0.15772644703565564 0.8644843137107057 

0.9755282581475768 0.3454915028125266
0.15772644703565564 0.8644843137107057 

0.13551568628929422 0.15772644703565564
0.15772644703565564 0.8644843137107057 

0.5313952597646566 0.9990133642141358
0.15772644703565564 0.8644843137107057 

0.9524135262330098 0.7128896457825363
0.15772644703565564 0.8644843137107057 

0.15772644703565564 0.8644843137107057
0.13551568628929417 0.8422735529643443 38-0

0.11474337861210532 0.8187119948743448
0.13551568628929417 0.8422735529643443 

0.7408768370508576 0.9381533400219318
0.13551568628929417 0.8422735529643443 

0.996057350657239 0.5626666167821521
0.13551568628929417 0.8422735529643443 

0.4063093427071376 0.9911436253643443
0.13551568628929417 0.8422735529643443 

0.9524135262330098 0.2871103542174639
0.13551568628929417 0.8422735529643443 

0.8644843137107059 0.15772644703565586
0.13551568628929417 0.8422735529643443 

0.06184665997806821 0.7408768370508576
0.13551568628929417 0.8422735529643443 

0.008856374635655695 0.4063093427071376
0.13551568628929417 0.8422735529643443 

0.3756550564175726 0.9842915805643155
0.13551568628929417 0.8422735529643443 

0.13551568628929417 0.8422735529643443
0.11474337861210532 0.8187119948743448 39-0

0.09549150281252633 0.7938926261462367
0.11474337861210532 0.8187119948743448 

0.00885637463565564 0.5936906572928623
0.11474337861210532 0.8187119948743448 

0.4373333832178478 0.9960573506572389
0.11474337861210532 0.8187119948743448 

0.07783603724899252 0.23208660251050162
0.11474337861210532 0.8187119948743448 

0.015708419435684462 0.6243449435824274
0.11474337861210532 0.8187119948743448 

0.7128896457825363 0.9524135262330098
0.11474337861210532 0.8187119948743448 

0.4063093427071377 0.00885637463565564
0.11474337861210532 0.8187119948743448 

0.03511175705587438 0.3159377236576608
0.11474337861210532 0.8187119948743448 

0.9648882429441257 0.684062276342339
0.11474337861210532 0.8187119948743448 

0.9755282581475768 0.3454915028125266
0.11474337861210532 0.8187119948743448 

0.11474337861210532 0.8187119948743448
0.09549150281252633 0.7938926261462367 40-0

0.07783603724899246 0.7679133974894983
0.09549150281252633 0.7938926261462367 

0.015708419435684462 0.6243449435824274
0.09549150281252633 0.7938926261462367 

0.3756550564175728 0.015708419435684406
0.09549150281252633 0.7938926261462367 

0.9381533400219317 0.7408768370508576
0.09549150281252633 0.7938926261462367 

0.9648882429441257 0.684062276342339
0.09549150281252633 0.7938926261462367 

0.9648882429441257 0.31593772365766104
0.09549150281252633 0.7938926261462367 

0.18128800512565524 0.11474337861210532
0.09549150281252633 0.7938926261462367 

0.04758647376699027 0.28711035421746367
0.09549150281252633 0.7938926261462367 

0.02447174185242318 0.6545084971874735
0.09549150281252633 0.7938926261462367 

0.2591231629491424 0.06184665997806821
0.09549150281252633 0.7938926261462367 

0.09549150281252633 0.7938926261462367
0.07783603724899246 0.7679133974894983 41-0

0.06184665997806821 0.7408768370508576
0.07783603724899246 0.7679133974894983 

0.9648882429441257 0.684062276342339
0.07783603724899246 0.7679133974894983 

0.9911436253643444 0.40630934270713764
0.07783603724899246 0.7679133974894983 

0.0 0.49999999999999983
0.07783603724899246 0.7679133974894983 

0.904508497187474 0.2061073738537637
0.07783603724899246 0.7679133974894983 

1.0 0.5
0.07783603724899246 0.7679133974894983 

0.996057350657239 0.4373333832178481
0.07783603724899246 0.7679133974894983 

0.06184665997806821 0.2591231629491423
0.07783603724899246 0.7679133974894983 

0.9221639627510076 0.23208660251050184
0.07783603724899246 0.7679133974894983 

0.07783603724899246 0.7679133974894983
0.06184665997806821 0.7408768370508576 42-0

0.04758647376699021 0.7128896457825362
0.06184665997806821 0.7408768370508576 

0.23208660251050156 0.9221639627510074
0.06184665997806821 0.7408768370508576 

0.7128896457825363 0.9524135262330098
0.06184665997806821 0.7408768370508576 

0.3159377236576611 0.03511175705587427
0.06184665997806821 0.7408768370508576 

9.866357858642205E-4 0.5313952597646565
0.06184665997806821 0.7408768370508576 

0.13551568628929417 0.8422735529643443
0.06184665997806821 0.7408768370508576 

0.3454915028125262 0.024471741852423234
0.06184665997806821 0.7408768370508576 

9.866357858642205E-4 0.4686047402353433
0.06184665997806821 0.7408768370508576 

0.8852566213878945 0.8187119948743449
0.06184665997806821 0.7408768370508576 

0.7679133974894984 0.07783603724899252
0.06184665997806821 0.7408768370508576 

0.06184665997806821 0.7408768370508576
0.04758647376699021 0.7128896457825362 43-0

0.03511175705587427 0.6840622763423388
0.04758647376699021 0.7128896457825362 

0.9381533400219317 0.25912316294914234
0.04758647376699021 0.7128896457825362 

0.9221639627510076 0.23208660251050184
0.04758647376699021 0.7128896457825362 

0.9045084971874737 0.7938926261462366
0.04758647376699021 0.7128896457825362 

0.9911436253643444 0.40630934270713764
0.04758647376699021 0.7128896457825362 

0.06184665997806821 0.2591231629491423
0.04758647376699021 0.7128896457825362 

0.6243449435824274 0.015708419435684462
0.04758647376699021 0.7128896457825362 

0.23208660251050184 0.07783603724899235
0.04758647376699021 0.7128896457825362 

0.9990133642141358 0.5313952597646567
0.04758647376699021 0.7128896457825362 

0.3454915028125262 0.024471741852423234
0.04758647376699021 0.7128896457825362 

0.7128896457825363 0.9524135262330098
0.04758647376699021 0.7128896457825362 

0.3756550564175728 0.015708419435684406
0.04758647376699021 0.7128896457825362 

0.04758647376699021 0.7128896457825362
0.03511175705587427 0.6840622763423388 44-0

0.02447174185242318 0.6545084971874735
0.03511175705587427 0.6840622763423388 

0.008856374635655695 0.4063093427071376
0.03511175705587427 0.6840622763423388 

0.20610737385376338 0.09549150281252633
0.03511175705587427 0.6840622763423388 

0.11474337861210548 0.18128800512565502
0.03511175705587427 0.6840622763423388 

9.866357858642205E-4 0.5313952597646565
0.03511175705587427 0.6840622763423388 

0.5626666167821521 0.003942649342761062
0.03511175705587427 0.6840622763423388 

0.7408768370508576 0.9381533400219318
0.03511175705587427 0.6840622763423388 

0.015708419435684462 0.6243449435824274
0.03511175705587427 0.6840622763423388 

0.7408768370508578 0.06184665997806832
0.03511175705587427 0.6840622763423388 

0.684062276342339 0.9648882429441257
0.03511175705587427 0.6840622763423388 

0.9755282581475768 0.6545084971874737
0.03511175705587427 0.6840622763423388 

0.03511175705587427 0.6840622763423388
0.02447174185242318 0.6545084971874735 45-0

0.015708419435684462 0.6243449435824274
0.02447174185242318 0.6545084971874735 

0.9755282581475768 0.3454915028125266
0.02447174185242318 0.6545084971874735 

0.49999999999999994 1.0
0.02447174185242318 0.6545084971874735 

0.2871103542174639 0.0475864737669901
0.02447174185242318 0.6545084971874735 

0.3454915028125262 0.024471741852423234
0.02447174185242318 0.6545084971874735 

0.28711035421746367 0.9524135262330098
0.02447174185242318 0.6545084971874735 

0.23208660251050184 0.07783603724899235
0.02447174185242318 0.6545084971874735 

0.9381533400219317 0.25912316294914234
0.02447174185242318 0.6545084971874735 

0.2591231629491423 0.9381533400219317
0.02447174185242318 0.6545084971874735 

0.09549150281252633 0.7938926261462367
0.02447174185242318 0.6545084971874735 

0.02447174185242318 0.6545084971874735
0.015708419435684462 0.6243449435824274 46-0

0.00885637463565564 0.5936906572928623
0.015708419435684462 0.6243449435824274 

0.09549150281252633 0.7938926261462367
0.015708419435684462 0.6243449435824274 

0.4686047402353433 0.9990133642141358
0.015708419435684462 0.6243449435824274 

0.03511175705587427 0.6840622763423388
0.015708419435684462 0.6243449435824274 

0.11474337861210532 0.8187119948743448
0.015708419435684462 0.6243449435824274 

0.2061073738537635 0.9045084971874737
0.015708419435684462 0.6243449435824274 

0.9524135262330098 0.7128896457825363
0.015708419435684462 0.6243449435824274 

0.015708419435684462 0.6243449435824274
0.00885637463565564 0.5936906572928623 47-0

0.003942649342761062 0.562666616782152
0.00885637463565564 0.5936906572928623 

0.11474337861210532 0.8187119948743448
0.00885637463565564 0.5936906572928623 

0.3756550564175728 0.015708419435684406
0.00885637463565564 0.5936906572928623 

0.6243449435824273 0.9842915805643155
0.00885637463565564 0.5936906572928623 

0.09549150281252639 0.20610737385376332
0.00885637463565564 0.5936906572928623 

0.3454915028125262 0.9755282581475768
0.00885637463565564 0.5936906572928623 

0.7408768370508576 0.9381533400219318
0.00885637463565564 0.5936906572928623 

0.3159377236576611 0.03511175705587427
0.00885637463565564 0.5936906572928623 

0.07783603724899252 0.23208660251050162
0.00885637463565564 0.5936906572928623 

0.4373333832178478 0.9960573506572389
0.00885637463565564 0.5936906572928623 

0.024471741852423234 0.34549150281252616
0.00885637463565564 0.5936906572928623 

0.00885637463565564 0.5936906572928623
0.003942649342761062 0.562666616782152 48-0

9.866357858642205E-4 0.5313952597646565
0.003942649342761062 0.562666616782152 

0.7679133974894983 0.9221639627510075
0.003942649342761062 0.562666616782152 

0.6243449435824273 0.9842915805643155
0.003942649342761062 0.562666616782152 

0.31593772365766104 0.9648882429441257
0.003942649342761062 0.562666616782152 

0.9911436253643444 0.40630934270713764
0.003942649342761062 0.562666616782152 

0.5936906572928623 0.9911436253643444
0.003942649342761062 0.562666616782152 

0.13551568628929422 0.15772644703565564
0.003942649342761062 0.562666616782152 

0.6243449435824274 0.015708419435684462
0.003942649342761062 0.562666616782152 

0.904508497187474 0.2061073738537637
0.003942649342761062 0.562666616782152 

0.7938926261462365 0.9045084971874737
0.003942649342761062 0.562666616782152 

0.7408768370508578 0.06184665997806832
0.003942649342761062 0.562666616782152 

1.0 0.5
0.003942649342761062 0.562666616782152 

0.003942649342761062 0.562666616782152
9.866357858642205E-4 0.5313952597646565 49-0

0.0 0.49999999999999983
9.866357858642205E-4 0.5313952597646565 

0.008856374635655695 0.4063093427071376
9.866357858642205E-4 0.5313952597646565 

0.9524135262330098 0.7128896457825363
9.866357858642205E-4 0.5313952597646565 

0.818711994874345 0.11474337861210548
9.866357858642205E-4 0.5313952597646565 

0.03511175705587427 0.6840622763423388
9.866357858642205E-4 0.5313952597646565 

0.9990133642141358 0.5313952597646567
9.866357858642205E-4 0.5313952597646565 

0.06184665997806821 0.7408768370508576
9.866357858642205E-4 0.5313952597646565 

9.866357858642205E-4 0.5313952597646565
0.0 0.49999999999999983 50-0

9.866357858642205E-4 0.4686047402353433
0.0 0.49999999999999983 

0.3756550564175728 0.015708419435684406
0.0 0.49999999999999983 

0.684062276342339 0.9648882429441257
0.0 0.49999999999999983 

0.20610737385376338 0.09549150281252633
0.0 0.49999999999999983 

0.3454915028125262 0.9755282581475768
0.0 0.49999999999999983 

0.9221639627510075 0.7679133974894983
0.0 0.49999999999999983 

0.07783603724899246 0.7679133974894983
0.0 0.49999999999999983 

0.904508497187474 0.2061073738537637
0.0 0.49999999999999983 

0.015708419435684462 0.37565505641757246
0.0 0.49999999999999983 

0.04758647376699027 0.28711035421746367
0.0 0.49999999999999983 

0.2061073738537635 0.9045084971874737
0.0 0.49999999999999983 

0.0 0.49999999999999983
9.866357858642205E-4 0.4686047402353433 51-0

0.003942649342761062 0.43733338321784787
9.866357858642205E-4 0.4686047402353433 

0.5626666167821521 0.996057350657239
9.866357858642205E-4 0.4686047402353433 

0.2871103542174639 0.0475864737669901
9.866357858642205E-4 0.4686047402353433 

0.7938926261462365 0.9045084971874737
9.866357858642205E-4 0.4686047402353433 

0.9648882429441257 0.684062276342339
9.866357858642205E-4 0.4686047402353433 

0.49999999999999994 1.0
9.866357858642205E-4 0.4686047402353433 

0.9990133642141358 0.5313952597646567
9.866357858642205E-4 0.4686047402353433 

0.06184665997806821 0.7408768370508576
9.866357858642205E-4 0.4686047402353433 

9.866357858642205E-4 0.4686047402353433
0.003942649342761062 0.43733338321784787 52-0

0.008856374635655695 0.4063093427071376
0.003942649342761062 0.43733338321784787 

0.9381533400219317 0.7408768370508576
0.003942649342761062 0.43733338321784787 

0.06184665997806821 0.2591231629491423
0.003942649342761062 0.43733338321784787 

0.5936906572928623 0.9911436253643444
0.003942649342761062 0.43733338321784787 

0.3756550564175726 0.9842915805643155
0.003942649342761062 0.43733338321784787 

0.9381533400219317 0.25912316294914234
0.003942649342761062 0.43733338321784787 

0.7679133974894984 0.07783603724899252
0.003942649342761062 0.43733338321784787 

0.9911436253643444 0.5936906572928623
0.003942649342761062 0.43733338321784787 

0.003942649342761062 0.43733338321784787
0.008856374635655695 0.4063093427071376 53-0

0.015708419435684462 0.37565505641757246
0.008856374635655695 0.4063093427071376 

9.866357858642205E-4 0.5313952597646565
0.008856374635655695 0.4063093427071376 

0.9045084971874737 0.7938926261462366
0.008856374635655695 0.4063093427071376 

0.03511175705587427 0.6840622763423388
0.008856374635655695 0.4063093427071376 

0.7408768370508578 0.06184665997806832
0.008856374635655695 0.4063093427071376 

0.07783603724899252 0.23208660251050162
0.008856374635655695 0.4063093427071376 

0.06184665997806821 0.2591231629491423
0.008856374635655695 0.4063093427071376 

0.11474337861210548 0.18128800512565502
0.008856374635655695 0.4063093427071376 

0.13551568628929417 0.8422735529643443
0.008856374635655695 0.4063093427071376 

0.008856374635655695 0.4063093427071376
0.015708419435684462 0.37565505641757246 54-0

0.024471741852423234 0.34549150281252616
0.015708419435684462 0.37565505641757246 

0.23208660251050184 0.07783603724899235
0.015708419435684462 0.37565505641757246 

0.8187119948743449 0.8852566213878946
0.015708419435684462 0.37565505641757246 

0.1577264470356557 0.13551568628929422
0.015708419435684462 0.37565505641757246 

0.0 0.49999999999999983
0.015708419435684462 0.37565505641757246 

0.5626666167821521 0.996057350657239
0.015708419435684462 0.37565505641757246 

0.9990133642141358 0.5313952597646567
0.015708419435684462 0.37565505641757246 

0.9911436253643444 0.5936906572928623
0.015708419435684462 0.37565505641757246 

0.015708419435684462 0.37565505641757246
0.024471741852423234 0.34549150281252616 55-0

0.03511175705587438 0.3159377236576608
0.024471741852423234 0.34549150281252616 

0.904508497187474 0.2061073738537637
0.024471741852423234 0.34549150281252616 

0.8422735529643444 0.13551568628929422
0.024471741852423234 0.34549150281252616 

0.49999999999999994 1.0
0.024471741852423234 0.34549150281252616 

0.4063093427071377 0.00885637463565564
0.024471741852423234 0.34549150281252616 

0.00885637463565564 0.5936906572928623
0.024471741852423234 0.34549150281252616 

0.024471741852423234 0.34549150281252616
0.03511175705587438 0.3159377236576608 56-0

0.04758647376699027 0.28711035421746367
0.03511175705587438 0.3159377236576608 

0.7128896457825363 0.04758647376699021
0.03511175705587438 0.3159377236576608 

0.8422735529643444 0.8644843137107058
0.03511175705587438 0.3159377236576608 

0.5313952597646566 0.9990133642141358
0.03511175705587438 0.3159377236576608 

0.2591231629491423 0.9381533400219317
0.03511175705587438 0.3159377236576608 

0.31593772365766104 0.9648882429441257
0.03511175705587438 0.3159377236576608 

0.11474337861210532 0.8187119948743448
0.03511175705587438 0.3159377236576608 

0.03511175705587438 0.3159377236576608
0.04758647376699027 0.28711035421746367 57-0

0.06184665997806821 0.2591231629491423
0.04758647376699027 0.28711035421746367 

0.8852566213878947 0.18128800512565518
0.04758647376699027 0.28711035421746367 

0.3756550564175728 0.015708419435684406
0.04758647376699027 0.28711035421746367 

0.9524135262330098 0.2871103542174639
0.04758647376699027 0.28711035421746367 

0.0 0.49999999999999983
0.04758647376699027 0.28711035421746367 

0.8644843137107058 0.8422735529643444
0.04758647376699027 0.28711035421746367 

0.09549150281252633 0.7938926261462367
0.04758647376699027 0.28711035421746367 

0.04758647376699027 0.28711035421746367
0.06184665997806821 0.2591231629491423 58-0

0.07783603724899252 0.23208660251050162
0.06184665997806821 0.2591231629491423 

0.3159377236576611 0.03511175705587427
0.06184665997806821 0.2591231629491423 

0.9755282581475768 0.3454915028125266
0.06184665997806821 0.2591231629491423 

0.7938926261462369 0.0954915028125265
0.06184665997806821 0.2591231629491423 

0.008856374635655695 0.4063093427071376
0.06184665997806821 0.2591231629491423 

0.003942649342761062 0.43733338321784787
0.06184665997806821 0.2591231629491423 

0.9990133642141358 0.5313952597646567
0.06184665997806821 0.2591231629491423 

0.07783603724899246 0.7679133974894983
0.06184665997806821 0.2591231629491423 

0.6243449435824274 0.015708419435684462
0.06184665997806821 0.2591231629491423 

0.04758647376699021 0.7128896457825362
0.06184665997806821 0.2591231629491423 

0.8852566213878947 0.18128800512565518
0.06184665997806821 0.2591231629491423 

0.7408768370508578 0.06184665997806832
0.06184665997806821 0.2591231629491423 

0.9911436253643444 0.40630934270713764
0.06184665997806821 0.2591231629491423 

0.06184665997806821 0.2591231629491423
0.07783603724899252 0.23208660251050162 59-0

0.09549150281252639 0.20610737385376332
0.07783603724899252 0.23208660251050162 

0.9221639627510075 0.7679133974894983
0.07783603724899252 0.23208660251050162 

0.9842915805643155 0.37565505641757274
0.07783603724899252 0.23208660251050162 

0.008856374635655695 0.4063093427071376
0.07783603724899252 0.23208660251050162 

1.0 0.5
0.07783603724899252 0.23208660251050162 

0.11474337861210532 0.8187119948743448
0.07783603724899252 0.23208660251050162 

0.8644843137107059 0.15772644703565586
0.07783603724899252 0.23208660251050162 

0.5313952597646566 0.9990133642141358
0.07783603724899252 0.23208660251050162 

0.00885637463565564 0.5936906572928623
0.07783603724899252 0.23208660251050162 

0.23208660251050184 0.07783603724899235
0.07783603724899252 0.23208660251050162 

0.9911436253643444 0.5936906572928623
0.07783603724899252 0.23208660251050162 

0.07783603724899252 0.23208660251050162
0.09549150281252639 0.20610737385376332 60-0

0.11474337861210548 0.18128800512565502
0.09549150281252639 0.20610737385376332 

0.4686047402353434 9.866357858642205E-4
0.09549150281252639 0.20610737385376332 

0.7128896457825363 0.9524135262330098
0.09549150281252639 0.20610737385376332 

0.9755282581475768 0.3454915028125266
0.09549150281252639 0.20610737385376332 

0.6545084971874737 0.9755282581475768
0.09549150281252639 0.20610737385376332 

0.7679133974894984 0.07783603724899252
0.09549150281252639 0.20610737385376332 

0.00885637463565564 0.5936906572928623
0.09549150281252639 0.20610737385376332 

0.684062276342339 0.9648882429441257
0.09549150281252639 0.20610737385376332 

0.2591231629491423 0.9381533400219317
0.09549150281252639 0.20610737385376332 

0.23208660251050184 0.07783603724899235
0.09549150281252639 0.20610737385376332 

0.996057350657239 0.5626666167821521
0.09549150281252639 0.20610737385376332 

0.2871103542174639 0.0475864737669901
0.09549150281252639 0.20610737385376332 

0.09549150281252639 0.20610737385376332
0.11474337861210548 0.18128800512565502 61-0

0.13551568628929422 0.15772644703565564
0.11474337861210548 0.18128800512565502 

0.5313952597646568 9.866357858642205E-4
0.11474337861210548 0.18128800512565502 

0.9381533400219317 0.25912316294914234
0.11474337861210548 0.18128800512565502 

0.03511175705587427 0.6840622763423388
0.11474337861210548 0.18128800512565502 

0.9648882429441257 0.31593772365766104
0.11474337861210548 0.18128800512565502 

0.8644843137107059 0.15772644703565586
0.11474337861210548 0.18128800512565502 

0.3454915028125262 0.9755282581475768
0.11474337861210548 0.18128800512565502 

0.2591231629491423 0.9381533400219317
0.11474337861210548 0.18128800512565502 

0.008856374635655695 0.4063093427071376
0.11474337861210548 0.18128800512565502 

0.15772644703565564 0.8644843137107057
0.11474337861210548 0.18128800512565502 

0.9524135262330098 0.2871103542174639
0.11474337861210548 0.18128800512565502 

0.7128896457825363 0.04758647376699021
0.11474337861210548 0.18128800512565502 

0.11474337861210548 0.18128800512565502
0.13551568628929422 0.15772644703565564 62-0

0.1577264470356557 0.13551568628929422
0.13551568628929422 0.15772644703565564 

0.28711035421746367 0.9524135262330098
0.13551568628929422 0.15772644703565564 

0.2591231629491424 0.06184665997806821
0.13551568628929422 0.15772644703565564 

0.003942649342761062 0.562666616782152
0.13551568628929422 0.15772644703565564 

0.6840622763423392 0.03511175705587438
0.13551568628929422 0.15772644703565564 

0.684062276342339 0.9648882429441257
0.13551568628929422 0.15772644703565564 

0.8422735529643444 0.8644843137107058
0.13551568628929422 0.15772644703565564 

0.6243449435824273 0.9842915805643155
0.13551568628929422 0.15772644703565564 

0.8852566213878945 0.8187119948743449
0.13551568628929422 0.15772644703565564 

0.7408768370508576 0.9381533400219318
0.13551568628929422 0.15772644703565564 

0.6545084971874736 0.02447174185242318
0.13551568628929422 0.15772644703565564 

0.5626666167821521 0.996057350657239
0.13551568628929422 0.15772644703565564 

0.15772644703565564 0.8644843137107057
0.13551568628929422 0.15772644703565564 

0.13551568628929422 0.15772644703565564
0.1577264470356557 0.13551568628929422 63-0

0.18128800512565524 0.11474337861210532
0.1577264470356557 0.13551568628929422 

0.9990133642141358 0.4686047402353434
0.1577264470356557 0.13551568628929422 

0.5313952597646568 9.866357858642205E-4
0.1577264470356557 0.13551568628929422 

0.7408768370508576 0.9381533400219318
0.1577264470356557 0.13551568628929422 

0.8422735529643444 0.8644843137107058
0.1577264470356557 0.13551568628929422 

0.015708419435684462 0.37565505641757246
0.1577264470356557 0.13551568628929422 

0.9524135262330098 0.2871103542174639
0.1577264470356557 0.13551568628929422 

0.2061073738537635 0.9045084971874737
0.1577264470356557 0.13551568628929422 

0.18128800512565513 0.8852566213878946
0.1577264470356557 0.13551568628929422 

0.1577264470356557 0.13551568628929422
0.18128800512565524 0.11474337861210532 64-0

0.20610737385376338 0.09549150281252633
0.18128800512565524 0.11474337861210532 

0.2591231629491424 0.06184665997806821
0.18128800512565524 0.11474337861210532 

0.8187119948743449 0.8852566213878946
0.18128800512565524 0.11474337861210532 

0.9911436253643444 0.40630934270713764
0.18128800512565524 0.11474337861210532 

0.09549150281252633 0.7938926261462367
0.18128800512565524 0.11474337861210532 

0.18128800512565524 0.11474337861210532
0.20610737385376338 0.09549150281252633 65-0

0.23208660251050184 0.07783603724899235
0.20610737385376338 0.09549150281252633 

0.3756550564175728 0.015708419435684406
0.20610737385376338 0.09549150281252633 

0.8422735529643444 0.8644843137107058
0.20610737385376338 0.09549150281252633 

0.0 0.49999999999999983
0.20610737385376338 0.09549150281252633 

0.03511175705587427 0.6840622763423388
0.20610737385376338 0.09549150281252633 

0.31593772365766104 0.9648882429441257
0.20610737385376338 0.09549150281252633 

0.7679133974894984 0.07783603724899252
0.20610737385376338 0.09549150281252633 

0.9842915805643155 0.6243449435824274
0.20610737385376338 0.09549150281252633 

0.3454915028125262 0.9755282581475768
0.20610737385376338 0.09549150281252633 

0.9911436253643444 0.40630934270713764
0.20610737385376338 0.09549150281252633 

0.9381533400219317 0.25912316294914234
0.20610737385376338 0.09549150281252633 

0.8422735529643444 0.13551568628929422
0.20610737385376338 0.09549150281252633 

0.20610737385376338 0.09549150281252633
0.23208660251050184 0.07783603724899235 66-0

0.2591231629491424 0.06184665997806821
0.23208660251050184 0.07783603724899235 

0.7408768370508578 0.06184665997806832
0.23208660251050184 0.07783603724899235 

0.2871103542174639 0.0475864737669901
0.23208660251050184 0.07783603724899235 

0.015708419435684462 0.37565505641757246
0.23208660251050184 0.07783603724899235 

0.9911436253643444 0.40630934270713764
0.23208660251050184 0.07783603724899235 

0.09549150281252639 0.20610737385376332
0.23208660251050184 0.07783603724899235 

0.4999999999999999 0.0
0.23208660251050184 0.07783603724899235 

0.02447174185242318 0.6545084971874735
0.23208660251050184 0.07783603724899235 

0.904508497187474 0.2061073738537637
0.23208660251050184 0.07783603724899235 

0.04758647376699021 0.7128896457825362
0.23208660251050184 0.07783603724899235 

0.07783603724899252 0.23208660251050162
0.23208660251050184 0.07783603724899235 

0.8422735529643444 0.13551568628929422
0.23208660251050184 0.07783603724899235 

0.23208660251050184 0.07783603724899235
0.2591231629491424 0.06184665997806821 67-0

0.2871103542174639 0.0475864737669901
0.2591231629491424 0.06184665997806821 

0.18128800512565524 0.11474337861210532
0.2591231629491424 0.06184665997806821 

0.7679133974894983 0.9221639627510075
0.2591231629491424 0.06184665997806821 

0.9755282581475768 0.6545084971874737
0.2591231629491424 0.06184665997806821 

0.13551568628929422 0.15772644703565564
0.2591231629491424 0.06184665997806821 

0.9990133642141358 0.5313952597646567
0.2591231629491424 0.06184665997806821 

0.49999999999999994 1.0
0.2591231629491424 0.06184665997806821 

0.996057350657239 0.4373333832178481
0.2591231629491424 0.06184665997806821 

0.6243449435824273 0.9842915805643155
0.2591231629491424 0.06184665997806821 

0.09549150281252633 0.7938926261462367
0.2591231629491424 0.06184665997806821 

0.2591231629491424 0.06184665997806821
0.2871103542174639 0.0475864737669901 68-0

0.3159377236576611 0.03511175705587427
0.2871103542174639 0.0475864737669901 

0.6545084971874736 0.02447174185242318
0.2871103542174639 0.0475864737669901 

0.23208660251050184 0.07783603724899235
0.2871103542174639 0.0475864737669901 

0.3756550564175726 0.9842915805643155
0.2871103542174639 0.0475864737669901 

0.02447174185242318 0.6545084971874735
0.2871103542174639 0.0475864737669901 

9.866357858642205E-4 0.4686047402353433
0.2871103542174639 0.0475864737669901 

0.7408768370508578 0.06184665997806832
0.2871103542174639 0.0475864737669901 

0.7938926261462369 0.0954915028125265
0.2871103542174639 0.0475864737669901 

0.8852566213878947 0.18128800512565518
0.2871103542174639 0.0475864737669901 

0.6243449435824273 0.9842915805643155
0.2871103542174639 0.0475864737669901 

0.09549150281252639 0.20610737385376332
0.2871103542174639 0.0475864737669901 

0.2871103542174639 0.0475864737669901
0.3159377236576611 0.03511175705587427 69-0

0.3454915028125262 0.024471741852423234
0.3159377236576611 0.03511175705587427 

0.06184665997806821 0.2591231629491423
0.3159377236576611 0.03511175705587427 

0.43733338321784815 0.003942649342761062
0.3159377236576611 0.03511175705587427 

0.8852566213878945 0.8187119948743449
0.3159377236576611 0.03511175705587427 

0.5313952597646568 9.866357858642205E-4
0.3159377236576611 0.03511175705587427 

0.00885637463565564 0.5936906572928623
0.3159377236576611 0.03511175705587427 

0.06184665997806821 0.7408768370508576
0.3159377236576611 0.03511175705587427 

0.9990133642141358 0.5313952597646567
0.3159377236576611 0.03511175705587427 

0.996057350657239 0.4373333832178481
0.3159377236576611 0.03511175705587427 

0.8644843137107058 0.8422735529643444
0.3159377236576611 0.03511175705587427 

0.7679133974894984 0.07783603724899252
0.3159377236576611 0.03511175705587427 

0.28711035421746367 0.9524135262330098
0.3159377236576611 0.03511175705587427 

0.3159377236576611 0.03511175705587427
0.3454915028125262 0.024471741852423234 70-0

0.3756550564175728 0.015708419435684406
0.3454915028125262 0.024471741852423234 

0.9990133642141358 0.4686047402353434
0.3454915028125262 0.024471741852423234 

0.4063093427071377 0.00885637463565564
0.3454915028125262 0.024471741852423234 

0.02447174185242318 0.6545084971874735
0.3454915028125262 0.024471741852423234 

0.8644843137107058 0.8422735529643444
0.3454915028125262 0.024471741852423234 

0.7128896457825363 0.9524135262330098
0.3454915028125262 0.024471741852423234 

0.9842915805643155 0.37565505641757274
0.3454915028125262 0.024471741852423234 

0.06184665997806821 0.7408768370508576
0.3454915028125262 0.024471741852423234 

0.04758647376699021 0.7128896457825362
0.3454915028125262 0.024471741852423234 

0.3454915028125262 0.024471741852423234
0.3756550564175728 0.015708419435684406 71-0

0.4063093427071377 0.00885637463565564
0.3756550564175728 0.015708419435684406 

0.20610737385376338 0.09549150281252633
0.3756550564175728 0.015708419435684406 

0.0 0.49999999999999983
0.3756550564175728 0.015708419435684406 

0.00885637463565564 0.5936906572928623
0.3756550564175728 0.015708419435684406 

0.8187119948743449 0.8852566213878946
0.3756550564175728 0.015708419435684406 

0.09549150281252633 0.7938926261462367
0.3756550564175728 0.015708419435684406 

0.4063093427071376 0.9911436253643443
0.3756550564175728 0.015708419435684406 

0.28711035421746367 0.9524135262330098
0.3756550564175728 0.015708419435684406 

0.04758647376699027 0.28711035421746367
0.3756550564175728 0.015708419435684406 

0.9755282581475768 0.3454915028125266
0.3756550564175728 0.015708419435684406 

0.996057350657239 0.5626666167821521
0.3756550564175728 0.015708419435684406 

0.9381533400219317 0.25912316294914234
0.3756550564175728 0.015708419435684406 

0.9221639627510076 0.23208660251050184
0.3756550564175728 0.015708419435684406 

0.04758647376699021 0.7128896457825362
0.3756550564175728 0.015708419435684406 

0.3756550564175728 0.015708419435684406
0.4063093427071377 0.00885637463565564 72-0

0.43733338321784815 0.003942649342761062
0.4063093427071377 0.00885637463565564 

0.4999999999999999 0.0
0.4063093427071377 0.00885637463565564 

0.5313952597646568 9.866357858642205E-4
0.4063093427071377 0.00885637463565564 

0.9990133642141358 0.4686047402353434
0.4063093427071377 0.00885637463565564 

0.3454915028125262 0.024471741852423234
0.4063093427071377 0.00885637463565564 

0.8852566213878947 0.18128800512565518
0.4063093427071377 0.00885637463565564 

0.7938926261462369 0.0954915028125265
0.4063093427071377 0.00885637463565564 

0.11474337861210532 0.8187119948743448
0.4063093427071377 0.00885637463565564 

0.6243449435824274 0.015708419435684462
0.4063093427071377 0.00885637463565564 

0.9755282581475768 0.6545084971874737
0.4063093427071377 0.00885637463565564 

0.024471741852423234 0.34549150281252616
0.4063093427071377 0.00885637463565564 

0.4063093427071377 0.00885637463565564
0.43733338321784815 0.003942649342761062 73-0

0.4686047402353434 9.866357858642205E-4
0.43733338321784815 0.003942649342761062 

0.3159377236576611 0.03511175705587427
0.43733338321784815 0.003942649342761062 

0.7938926261462365 0.9045084971874737
0.43733338321784815 0.003942649342761062 

0.3454915028125262 0.9755282581475768
0.43733338321784815 0.003942649342761062 

0.4063093427071376 0.9911436253643443
0.43733338321784815 0.003942649342761062 

0.23208660251050156 0.9221639627510074
0.43733338321784815 0.003942649342761062 

0.9990133642141358 0.4686047402353434
0.43733338321784815 0.003942649342761062 

0.7408768370508576 0.9381533400219318
0.43733338321784815 0.003942649342761062 

0.5313952597646566 0.9990133642141358
0.43733338321784815 0.003942649342761062 

0.996057350657239 0.4373333832178481
0.43733338321784815 0.003942649342761062 

1.0 0.5
0.43733338321784815 0.003942649342761062 

0.818711994874345 0.11474337861210548
0.43733338321784815 0.003942649342761062 

0.43733338321784815 0.003942649342761062
0.4686047402353434 9.866357858642205E-4 74-0

0.4999999999999999 0.0
0.4686047402353434 9.866357858642205E-4 

0.09549150281252639 0.20610737385376332
0.4686047402353434 9.866357858642205E-4 

0.31593772365766104 0.9648882429441257
0.4686047402353434 9.866357858642205E-4 

0.996057350657239 0.4373333832178481
0.4686047402353434 9.866357858642205E-4 

0.8644843137107059 0.15772644703565586
0.4686047402353434 9.866357858642205E-4 

0.4686047402353433 0.9990133642141358
0.4686047402353434 9.866357858642205E-4 

0.7128896457825363 0.04758647376699021
0.4686047402353434 9.866357858642205E-4 

0.9755282581475768 0.6545084971874737
0.4686047402353434 9.866357858642205E-4 

0.4686047402353434 9.866357858642205E-4
0.4999999999999999 0.0 75-0

0.5313952597646568 9.866357858642205E-4
0.4999999999999999 0.0 

0.9524135262330098 0.7128896457825363
0.4999999999999999 0.0 

0.4063093427071377 0.00885637463565564
0.4999999999999999 0.0 

0.6840622763423392 0.03511175705587438
0.4999999999999999 0.0 

0.7128896457825363 0.9524135262330098
0.4999999999999999 0.0 

0.3454915028125262 0.9755282581475768
0.4999999999999999 0.0 

0.23208660251050184 0.07783603724899235
0.4999999999999999 0.0 

0.4999999999999999 0.0
0.5313952597646568 9.866357858642205E-4 76-0

0.5626666167821521 0.003942649342761062
0.5313952597646568 9.866357858642205E-4 

0.11474337861210548 0.18128800512565502
0.5313952597646568 9.866357858642205E-4 

0.6840622763423392 0.03511175705587438
0.5313952597646568 9.866357858642205E-4 

0.1577264470356557 0.13551568628929422
0.5313952597646568 9.866357858642205E-4 

0.8644843137107058 0.8422735529643444
0.5313952597646568 9.866357858642205E-4 

0.4063093427071377 0.00885637463565564
0.5313952597646568 9.866357858642205E-4 

0.9990133642141358 0.5313952597646567
0.5313952597646568 9.866357858642205E-4 

0.3159377236576611 0.03511175705587427
0.5313952597646568 9.866357858642205E-4 

0.15772644703565564 0.8644843137107057
0.5313952597646568 9.866357858642205E-4 

0.9755282581475768 0.3454915028125266
0.5313952597646568 9.866357858642205E-4 

0.4373333832178478 0.9960573506572389
0.5313952597646568 9.866357858642205E-4 

0.6545084971874737 0.9755282581475768
0.5313952597646568 9.866357858642205E-4 

0.5313952597646568 9.866357858642205E-4
0.5626666167821521 0.003942649342761062 77-0

0.5936906572928625 0.008856374635655695
0.5626666167821521 0.003942649342761062 

0.8422735529643444 0.13551568628929422
0.5626666167821521 0.003942649342761062 

0.7128896457825363 0.04758647376699021
0.5626666167821521 0.003942649342761062 

0.03511175705587427 0.6840622763423388
0.5626666167821521 0.003942649342761062 

0.818711994874345 0.11474337861210548
0.5626666167821521 0.003942649342761062 

1.0 0.5
0.5626666167821521 0.003942649342761062 

0.6545084971874736 0.02447174185242318
0.5626666167821521 0.003942649342761062 

0.9381533400219317 0.7408768370508576
0.5626666167821521 0.003942649342761062 

0.6545084971874737 0.9755282581475768
0.5626666167821521 0.003942649342761062 

0.4686047402353433 0.9990133642141358
0.5626666167821521 0.003942649342761062 

0.6840622763423392 0.03511175705587438
0.5626666167821521 0.003942649342761062 

0.5626666167821521 0.003942649342761062
0.5936906572928625 0.008856374635655695 78-0

0.6243449435824274 0.015708419435684462
0.5936906572928625 0.008856374635655695 

0.8644843137107058 0.8422735529643444
0.5936906572928625 0.008856374635655695 

0.49999999999999994 1.0
0.5936906572928625 0.008856374635655695 

0.9381533400219317 0.7408768370508576
0.5936906572928625 0.008856374635655695 

0.15772644703565564 0.8644843137107057
0.5936906572928625 0.008856374635655695 

0.7408768370508576 0.9381533400219318
0.5936906572928625 0.008856374635655695 

0.8852566213878945 0.8187119948743449
0.5936906572928625 0.008856374635655695 

0.4063093427071376 0.9911436253643443
0.5936906572928625 0.008856374635655695 

0.9524135262330098 0.7128896457825363
0.5936906572928625 0.008856374635655695 

1.0 0.5
0.5936906572928625 0.008856374635655695 

0.9990133642141358 0.4686047402353434
0.5936906572928625 0.008856374635655695 

0.5936906572928625 0.008856374635655695
0.6243449435824274 0.015708419435684462 79-0

0.6545084971874736 0.02447174185242318
0.6243449435824274 0.015708419435684462 

0.9911436253643444 0.40630934270713764
0.6243449435824274 0.015708419435684462 

0.15772644703565564 0.8644843137107057
0.6243449435824274 0.015708419435684462 

0.3454915028125262 0.9755282581475768
0.6243449435824274 0.015708419435684462 

0.7679133974894983 0.9221639627510075
0.6243449435824274 0.015708419435684462 

0.06184665997806821 0.2591231629491423
0.6243449435824274 0.015708419435684462 

0.003942649342761062 0.562666616782152
0.6243449435824274 0.015708419435684462 

0.04758647376699021 0.7128896457825362
0.6243449435824274 0.015708419435684462 

0.4063093427071377 0.00885637463565564
0.6243449435824274 0.015708419435684462 

0.7408768370508576 0.9381533400219318
0.6243449435824274 0.015708419435684462 

0.6243449435824274 0.015708419435684462
0.6545084971874736 0.02447174185242318 80-0

0.6840622763423392 0.03511175705587438
0.6545084971874736 0.02447174185242318 

0.684062276342339 0.9648882429441257
0.6545084971874736 0.02447174185242318 

0.2871103542174639 0.0475864737669901
0.6545084971874736 0.02447174185242318 

0.3454915028125262 0.9755282581475768
0.6545084971874736 0.02447174185242318 

0.9842915805643155 0.37565505641757274
0.6545084971874736 0.02447174185242318 

0.5626666167821521 0.003942649342761062
0.6545084971874736 0.02447174185242318 

0.8852566213878945 0.8187119948743449
0.6545084971874736 0.02447174185242318 

0.9842915805643155 0.6243449435824274
0.6545084971874736 0.02447174185242318 

0.13551568628929422 0.15772644703565564
0.6545084971874736 0.02447174185242318 

0.6545084971874736 0.02447174185242318
0.6840622763423392 0.03511175705587438 81-0

0.7128896457825363 0.04758647376699021
0.6840622763423392 0.03511175705587438 

0.31593772365766104 0.9648882429441257
0.6840622763423392 0.03511175705587438 

0.5313952597646568 9.866357858642205E-4
0.6840622763423392 0.03511175705587438 

0.9524135262330098 0.7128896457825363
0.6840622763423392 0.03511175705587438 

0.9221639627510076 0.23208660251050184
0.6840622763423392 0.03511175705587438 

0.4999999999999999 0.0
0.6840622763423392 0.03511175705587438 

0.996057350657239 0.5626666167821521
0.6840622763423392 0.03511175705587438 

0.13551568628929422 0.15772644703565564
0.6840622763423392 0.03511175705587438 

0.904508497187474 0.2061073738537637
0.6840622763423392 0.03511175705587438 

0.28711035421746367 0.9524135262330098
0.6840622763423392 0.03511175705587438 

0.7679133974894983 0.9221639627510075
0.6840622763423392 0.03511175705587438 

0.996057350657239 0.4373333832178481
0.6840622763423392 0.03511175705587438 

0.5626666167821521 0.003942649342761062
0.6840622763423392 0.03511175705587438 

0.9842915805643155 0.6243449435824274
0.6840622763423392 0.03511175705587438 

0.6840622763423392 0.03511175705587438
0.7128896457825363 0.04758647376699021 82-0

0.7408768370508578 0.06184665997806832
0.7128896457825363 0.04758647376699021 

0.9221639627510076 0.23208660251050184
0.7128896457825363 0.04758647376699021 

0.03511175705587438 0.3159377236576608
0.7128896457825363 0.04758647376699021 

0.5626666167821521 0.003942649342761062
0.7128896457825363 0.04758647376699021 

0.7408768370508576 0.9381533400219318
0.7128896457825363 0.04758647376699021 

0.6243449435824273 0.9842915805643155
0.7128896457825363 0.04758647376699021 

0.4686047402353434 9.866357858642205E-4
0.7128896457825363 0.04758647376699021 

0.49999999999999994 1.0
0.7128896457825363 0.04758647376699021 

0.9842915805643155 0.37565505641757274
0.7128896457825363 0.04758647376699021 

0.11474337861210548 0.18128800512565502
0.7128896457825363 0.04758647376699021 

0.9045084971874737 0.7938926261462366
0.7128896457825363 0.04758647376699021 

0.7128896457825363 0.04758647376699021
0.7408768370508578 0.06184665997806832 83-0

0.7679133974894984 0.07783603724899252
0.7408768370508578 0.06184665997806832 

0.23208660251050184 0.07783603724899235
0.7408768370508578 0.06184665997806832 

0.008856374635655695 0.4063093427071376
0.7408768370508578 0.06184665997806832 

1.0 0.5
0.7408768370508578 0.06184665997806832 

0.9045084971874737 0.7938926261462366
0.7408768370508578 0.06184665997806832 

0.5626666167821521 0.996057350657239
0.7408768370508578 0.06184665997806832 

0.23208660251050156 0.9221639627510074
0.7408768370508578 0.06184665997806832 

0.03511175705587427 0.6840622763423388
0.7408768370508578 0.06184665997806832 

0.2871103542174639 0.0475864737669901
0.7408768370508578 0.06184665997806832 

0.003942649342761062 0.562666616782152
0.7408768370508578 0.06184665997806832 

0.06184665997806821 0.2591231629491423
0.7408768370508578 0.06184665997806832 

0.3756550564175726 0.9842915805643155
0.7408768370508578 0.06184665997806832 

0.7408768370508578 0.06184665997806832
0.7679133974894984 0.07783603724899252 84-0

0.7938926261462369 0.0954915028125265
0.7679133974894984 0.07783603724899252 

0.09549150281252639 0.20610737385376332
0.7679133974894984 0.07783603724899252 

0.20610737385376338 0.09549150281252633
0.7679133974894984 0.07783603724899252 

0.9911436253643444 0.40630934270713764
0.7679133974894984 0.07783603724899252 

0.7408768370508576 0.9381533400219318
0.7679133974894984 0.07783603724899252 

0.8422735529643444 0.8644843137107058
0.7679133974894984 0.07783603724899252 

0.9381533400219317 0.7408768370508576
0.7679133974894984 0.07783603724899252 

0.003942649342761062 0.43733338321784787
0.7679133974894984 0.07783603724899252 

1.0 0.5
0.7679133974894984 0.07783603724899252 

0.06184665997806821 0.7408768370508576
0.7679133974894984 0.07783603724899252 

0.818711994874345 0.11474337861210548
0.7679133974894984 0.07783603724899252 

0.7938926261462365 0.9045084971874737
0.7679133974894984 0.07783603724899252 

0.3159377236576611 0.03511175705587427
0.7679133974894984 0.07783603724899252 

0.7679133974894984 0.07783603724899252
0.7938926261462369 0.0954915028125265 85-0

0.818711994874345 0.11474337861210548
0.7938926261462369 0.0954915028125265 

0.06184665997806821 0.2591231629491423
0.7938926261462369 0.0954915028125265 

0.9911436253643444 0.5936906572928623
0.7938926261462369 0.0954915028125265 

0.5626666167821521 0.996057350657239
0.7938926261462369 0.0954915028125265 

0.8644843137107058 0.8422735529643444
0.7938926261462369 0.0954915028125265 

0.4063093427071377 0.00885637463565564
0.7938926261462369 0.0954915028125265 

0.2871103542174639 0.0475864737669901
0.7938926261462369 0.0954915028125265 

0.9648882429441257 0.31593772365766104
0.7938926261462369 0.0954915028125265 

0.7938926261462369 0.0954915028125265
0.818711994874345 0.11474337861210548 86-0

0.8422735529643444 0.13551568628929422
0.818711994874345 0.11474337861210548 

9.866357858642205E-4 0.5313952597646565
0.818711994874345 0.11474337861210548 

0.5626666167821521 0.003942649342761062
0.818711994874345 0.11474337861210548 

0.43733338321784815 0.003942649342761062
0.818711994874345 0.11474337861210548 

0.7679133974894984 0.07783603724899252
0.818711994874345 0.11474337861210548 

0.818711994874345 0.11474337861210548
0.8422735529643444 0.13551568628929422 87-0

0.8644843137107059 0.15772644703565586
0.8422735529643444 0.13551568628929422 

0.4063093427071376 0.9911436253643443
0.8422735529643444 0.13551568628929422 

0.5626666167821521 0.003942649342761062
0.8422735529643444 0.13551568628929422 

0.2591231629491423 0.9381533400219317
0.8422735529643444 0.13551568628929422 

0.9990133642141358 0.4686047402353434
0.8422735529643444 0.13551568628929422 

1.0 0.5
0.8422735529643444 0.13551568628929422 

0.8187119948743449 0.8852566213878946
0.8422735529643444 0.13551568628929422 

0.024471741852423234 0.34549150281252616
0.8422735529643444 0.13551568628929422 

0.49999999999999994 1.0
0.8422735529643444 0.13551568628929422 

0.9381533400219317 0.25912316294914234
0.8422735529643444 0.13551568628929422 

0.23208660251050184 0.07783603724899235
0.8422735529643444 0.13551568628929422 

0.684062276342339 0.9648882429441257
0.8422735529643444 0.13551568628929422 

0.20610737385376338 0.09549150281252633
0.8422735529643444 0.13551568628929422 

0.904508497187474 0.2061073738537637
0.8422735529643444 0.13551568628929422 

0.8422735529643444 0.13551568628929422
0.8644843137107059 0.15772644703565586 88-0

0.8852566213878947 0.18128800512565518
0.8644843137107059 0.15772644703565586 

0.9990133642141358 0.4686047402353434
0.8644843137107059 0.15772644703565586 

0.9990133642141358 0.5313952597646567
0.8644843137107059 0.15772644703565586 

0.8187119948743449 0.8852566213878946
0.8644843137107059 0.15772644703565586 

0.11474337861210548 0.18128800512565502
0.8644843137107059 0.15772644703565586 

0.4686047402353434 9.866357858642205E-4
0.8644843137107059 0.15772644703565586 

0.07783603724899252 0.23208660251050162
0.8644843137107059 0.15772644703565586 

0.3454915028125262 0.9755282581475768
0.8644843137107059 0.15772644703565586 

0.13551568628929417 0.8422735529643443
0.8644843137107059 0.15772644703565586 

0.8422735529643444 0.8644843137107058
0.8644843137107059 0.15772644703565586 

0.996057350657239 0.5626666167821521
0.8644843137107059 0.15772644703565586 

0.18128800512565513 0.8852566213878946
0.8644843137107059 0.15772644703565586 

0.9524135262330098 0.7128896457825363
0.8644843137107059 0.15772644703565586 

0.8644843137107059 0.15772644703565586
0.8852566213878947 0.18128800512565518 89-0

0.904508497187474 0.2061073738537637
0.8852566213878947 0.18128800512565518 

0.04758647376699027 0.28711035421746367
0.8852566213878947 0.18128800512565518 

0.9990133642141358 0.4686047402353434
0.8852566213878947 0.18128800512565518 

0.9755282581475768 0.6545084971874737
0.8852566213878947 0.18128800512565518 

0.28711035421746367 0.9524135262330098
0.8852566213878947 0.18128800512565518 

0.06184665997806821 0.2591231629491423
0.8852566213878947 0.18128800512565518 

0.4063093427071377 0.00885637463565564
0.8852566213878947 0.18128800512565518 

0.3454915028125262 0.9755282581475768
0.8852566213878947 0.18128800512565518 

0.15772644703565564 0.8644843137107057
0.8852566213878947 0.18128800512565518 

0.2871103542174639 0.0475864737669901
0.8852566213878947 0.18128800512565518 

0.8852566213878947 0.18128800512565518
0.904508497187474 0.2061073738537637 90-0

0.9221639627510076 0.23208660251050184
0.904508497187474 0.2061073738537637 

0.024471741852423234 0.34549150281252616
0.904508497187474 0.2061073738537637 

0.3756550564175726 0.9842915805643155
0.904508497187474 0.2061073738537637 

0.07783603724899246 0.7679133974894983
0.904508497187474 0.2061073738537637 

0.3454915028125262 0.9755282581475768
0.904508497187474 0.2061073738537637 

0.0 0.49999999999999983
0.904508497187474 0.2061073738537637 

0.9648882429441257 0.684062276342339
0.904508497187474 0.2061073738537637 

0.6545084971874737 0.9755282581475768
0.904508497187474 0.2061073738537637 

0.6840622763423392 0.03511175705587438
0.904508497187474 0.2061073738537637 

0.9381533400219317 0.7408768370508576
0.904508497187474 0.2061073738537637 

0.23208660251050184 0.07783603724899235
0.904508497187474 0.2061073738537637 

0.003942649342761062 0.562666616782152
0.904508497187474 0.2061073738537637 

0.684062276342339 0.9648882429441257
0.904508497187474 0.2061073738537637 

0.8422735529643444 0.13551568628929422
0.904508497187474 0.2061073738537637 

0.904508497187474 0.2061073738537637
0.9221639627510076 0.23208660251050184 91-0

0.9381533400219317 0.25912316294914234
0.9221639627510076 0.23208660251050184 

0.7128896457825363 0.04758647376699021
0.9221639627510076 0.23208660251050184 

0.9842915805643155 0.37565505641757274
0.9221639627510076 0.23208660251050184 

0.6840622763423392 0.03511175705587438
0.9221639627510076 0.23208660251050184 

0.04758647376699021 0.7128896457825362
0.9221639627510076 0.23208660251050184 

0.9045084971874737 0.7938926261462366
0.9221639627510076 0.23208660251050184 

0.7938926261462365 0.9045084971874737
0.9221639627510076 0.23208660251050184 

0.07783603724899246 0.7679133974894983
0.9221639627510076 0.23208660251050184 

0.7679133974894983 0.9221639627510075
0.9221639627510076 0.23208660251050184 

0.9524135262330098 0.7128896457825363
0.9221639627510076 0.23208660251050184 

0.3756550564175728 0.015708419435684406
0.9221639627510076 0.23208660251050184 

0.9221639627510076 0.23208660251050184
0.9381533400219317 0.25912316294914234 92-0

0.9524135262330098 0.2871103542174639
0.9381533400219317 0.25912316294914234 

0.04758647376699021 0.7128896457825362
0.9381533400219317 0.25912316294914234 

0.9221639627510075 0.7679133974894983
0.9381533400219317 0.25912316294914234 

0.4686047402353433 0.9990133642141358
0.9381533400219317 0.25912316294914234 

0.11474337861210548 0.18128800512565502
0.9381533400219317 0.25912316294914234 

0.7408768370508576 0.9381533400219318
0.9381533400219317 0.25912316294914234 

0.003942649342761062 0.43733338321784787
0.9381533400219317 0.25912316294914234 

0.02447174185242318 0.6545084971874735
0.9381533400219317 0.25912316294914234 

0.8422735529643444 0.13551568628929422
0.9381533400219317 0.25912316294914234 

0.3756550564175728 0.015708419435684406
0.9381533400219317 0.25912316294914234 

0.8852566213878945 0.8187119948743449
0.9381533400219317 0.25912316294914234 

0.7128896457825363 0.9524135262330098
0.9381533400219317 0.25912316294914234 

0.20610737385376338 0.09549150281252633
0.9381533400219317 0.25912316294914234 

0.9381533400219317 0.25912316294914234
0.9524135262330098 0.2871103542174639 93-0

0.9648882429441257 0.31593772365766104
0.9524135262330098 0.2871103542174639 

0.2591231629491423 0.9381533400219317
0.9524135262330098 0.2871103542174639 

0.04758647376699027 0.28711035421746367
0.9524135262330098 0.2871103542174639 

0.31593772365766104 0.9648882429441257
0.9524135262330098 0.2871103542174639 

0.13551568628929417 0.8422735529643443
0.9524135262330098 0.2871103542174639 

0.1577264470356557 0.13551568628929422
0.9524135262330098 0.2871103542174639 

0.11474337861210548 0.18128800512565502
0.9524135262330098 0.2871103542174639 

0.9648882429441257 0.684062276342339
0.9524135262330098 0.2871103542174639 

0.9524135262330098 0.2871103542174639
0.9648882429441257 0.31593772365766104 94-0

0.9755282581475768 0.3454915028125266
0.9648882429441257 0.31593772365766104 

0.11474337861210548 0.18128800512565502
0.9648882429441257 0.31593772365766104 

0.8422735529643444 0.8644843137107058
0.9648882429441257 0.31593772365766104 

0.5936906572928623 0.9911436253643444
0.9648882429441257 0.31593772365766104 

0.9990133642141358 0.4686047402353434
0.9648882429441257 0.31593772365766104 

0.09549150281252633 0.7938926261462367
0.9648882429441257 0.31593772365766104 

0.18128800512565513 0.8852566213878946
0.9648882429441257 0.31593772365766104 

0.7938926261462369 0.0954915028125265
0.9648882429441257 0.31593772365766104 

0.7128896457825363 0.9524135262330098
0.9648882429441257 0.31593772365766104 

0.9842915805643155 0.6243449435824274
0.9648882429441257 0.31593772365766104 

0.9648882429441257 0.31593772365766104
0.9755282581475768 0.3454915028125266 95-0

0.9842915805643155 0.37565505641757274
0.9755282581475768 0.3454915028125266 

0.02447174185242318 0.6545084971874735
0.9755282581475768 0.3454915028125266 

0.09549150281252639 0.20610737385376332
0.9755282581475768 0.3454915028125266 

0.06184665997806821 0.2591231629491423
0.9755282581475768 0.3454915028125266 

0.3756550564175728 0.015708419435684406
0.9755282581475768 0.3454915028125266 

1.0 0.5
0.9755282581475768 0.3454915028125266 

0.8187119948743449 0.8852566213878946
0.9755282581475768 0.3454915028125266 

0.9911436253643444 0.40630934270713764
0.9755282581475768 0.3454915028125266 

0.5313952597646568 9.866357858642205E-4
0.9755282581475768 0.3454915028125266 

0.15772644703565564 0.8644843137107057
0.9755282581475768 0.3454915028125266 

0.11474337861210532 0.8187119948743448
0.9755282581475768 0.3454915028125266 

0.9755282581475768 0.3454915028125266
0.9842915805643155 0.37565505641757274 96-0

0.9911436253643444 0.40630934270713764
0.9842915805643155 0.37565505641757274 

0.9221639627510076 0.23208660251050184
0.9842915805643155 0.37565505641757274 

0.5936906572928623 0.9911436253643444
0.9842915805643155 0.37565505641757274 

0.07783603724899252 0.23208660251050162
0.9842915805643155 0.37565505641757274 

0.6545084971874736 0.02447174185242318
0.9842915805643155 0.37565505641757274 

0.5313952597646566 0.9990133642141358
0.9842915805643155 0.37565505641757274 

0.31593772365766104 0.9648882429441257
0.9842915805643155 0.37565505641757274 

0.3454915028125262 0.024471741852423234
0.9842915805643155 0.37565505641757274 

0.7128896457825363 0.04758647376699021
0.9842915805643155 0.37565505641757274 

0.9842915805643155 0.37565505641757274
0.9911436253643444 0.40630934270713764 97-0

0.996057350657239 0.4373333832178481
0.9911436253643444 0.40630934270713764 

0.6243449435824274 0.015708419435684462
0.9911436253643444 0.40630934270713764 

0.04758647376699021 0.7128896457825362
0.9911436253643444 0.40630934270713764 

0.07783603724899246 0.7679133974894983
0.9911436253643444 0.40630934270713764 

0.7679133974894984 0.07783603724899252
0.9911436253643444 0.40630934270713764 

0.003942649342761062 0.562666616782152
0.9911436253643444 0.40630934270713764 

0.23208660251050184 0.07783603724899235
0.9911436253643444 0.40630934270713764 

0.18128800512565524 0.11474337861210532
0.9911436253643444 0.40630934270713764 

0.8852566213878945 0.8187119948743449
0.9911436253643444 0.40630934270713764 

0.9755282581475768 0.3454915028125266
0.9911436253643444 0.40630934270713764 

0.9911436253643444 0.5936906572928623
0.9911436253643444 0.40630934270713764 

0.684062276342339 0.9648882429441257
0.9911436253643444 0.40630934270713764 

0.9648882429441257 0.684062276342339
0.9911436253643444 0.40630934270713764 

0.06184665997806821 0.2591231629491423
0.9911436253643444 0.40630934270713764 

0.20610737385376338 0.09549150281252633
0.9911436253643444 0.40630934270713764 

0.9911436253643444 0.40630934270713764
0.996057350657239 0.4373333832178481 98-0

0.9990133642141358 0.4686047402353434
0.996057350657239 0.4373333832178481 

0.4063093427071376 0.9911436253643443
0.996057350657239 0.4373333832178481 

0.2591231629491424 0.06184665997806821
0.996057350657239 0.4373333832178481 

0.4686047402353434 9.866357858642205E-4
0.996057350657239 0.4373333832178481 

0.07783603724899246 0.7679133974894983
0.996057350657239 0.4373333832178481 

0.49999999999999994 1.0
0.996057350657239 0.4373333832178481 

0.43733338321784815 0.003942649342761062
0.996057350657239 0.4373333832178481 

0.7128896457825363 0.9524135262330098
0.996057350657239 0.4373333832178481 

0.3159377236576611 0.03511175705587427
0.996057350657239 0.4373333832178481 

0.6840622763423392 0.03511175705587438
0.996057350657239 0.4373333832178481 

0.996057350657239 0.4373333832178481
0.9990133642141358 0.4686047402353434 99-0

1.0 0.5
0.9990133642141358 0.4686047402353434 

0.8644843137107059 0.15772644703565586
0.9990133642141358 0.4686047402353434 

0.1577264470356557 0.13551568628929422
0.9990133642141358 0.4686047402353434 

0.2591231629491423 0.9381533400219317
0.9990133642141358 0.4686047402353434 

0.3454915028125262 0.024471741852423234
0.9990133642141358 0.4686047402353434 

0.8852566213878947 0.18128800512565518
0.9990133642141358 0.4686047402353434 

0.8422735529643444 0.13551568628929422
0.9990133642141358 0.4686047402353434 

0.4063093427071377 0.00885637463565564
0.9990133642141358 0.4686047402353434 

0.43733338321784815 0.003942649342761062
0.9990133642141358 0.4686047402353434 

0.9648882429441257 0.31593772365766104
0.9990133642141358 0.4686047402353434 

0.28711035421746367 0.9524135262330098
0.9990133642141358 0.4686047402353434 

0.9381533400219317 0.7408768370508576
0.9990133642141358 0.4686047402353434 

0.5936906572928625 0.008856374635655695
0.9990133642141358 0.4686047402353434 

