0.7182223134592701 0.975287909828516
0.7089649859917166 0.9790696935556057 0-0

0.7182223134592701 0.975287909828516
0.7229508840703452 0.9664765183393086 0-1

0.7182223134592701 0.975287909828516
0.724691708594797 0.9676624966213239 0-2

0.724691708594797 0.9676624966213239
0.7182223134592701 0.975287909828516 0-3

0.7229508840703452 0.9664765183393086
0.7182223134592701 0.975287909828516 0-3

0.7089649859917166 0.9790696935556057
0.7182223134592701 0.975287909828516 0-3

0.2963882134273026 0.8153832289357774
0.7182223134592701 0.975287909828516 0-3 0.5073052634432864 0.8953355693821468 15.05

0.7850970380411237 0.3472534430706288
0.7182223134592701 0.975287909828516 0-3 0.751659675750197 0.6612706764495724 21.07

0.945256739111804 0.14965441544104874
0.9366635347996534 0.14454003965805856 1-0

0.945256739111804 0.14965441544104874
0.954388855075879 0.14557955863145577 1-1

0.945256739111804 0.14965441544104874
0.9432792869049473 0.15945694994849108 1-2

0.9432792869049473 0.15945694994849108
0.945256739111804 0.14965441544104874 1-3

0.954388855075879 0.14557955863145577
0.945256739111804 0.14965441544104874 1-3

0.9366635347996534 0.14454003965805856
0.945256739111804 0.14965441544104874 1-3

0.9011123327045603 0.24497508171889493
0.945256739111804 0.14965441544104874 1-3 0.9231845359081821 0.19731474857997183 3.51

0.5141046566037638 0.16345456980775852
0.945256739111804 0.14965441544104874 1-3 0.7296806978577839 0.15655449262440363 14.39

0.9011123327045603 0.24497508171889493
0.8934719194735263 0.25142675480880283 2-0

0.9011123327045603 0.24497508171889493
0.9110244234381212 0.24629813020238162 2-1

0.9011123327045603 0.24497508171889493
0.8926025881383969 0.23972301094455717 2-2

0.8926025881383969 0.23972301094455717
0.9011123327045603 0.24497508171889493 2-3

0.9110244234381212 0.24629813020238162
0.9011123327045603 0.24497508171889493 2-3

0.8934719194735263 0.25142675480880283
0.9011123327045603 0.24497508171889493 2-3

0.7850970380411237 0.3472534430706288
0.9011123327045603 0.24497508171889493 2-3 0.843104685372842 0.29611426239476185 5.17

0.945256739111804 0.14965441544104874
0.9011123327045603 0.24497508171889493 2-3 0.9231845359081821 0.19731474857997183 3.51

0.5141046566037638 0.16345456980775852
0.5046241487645639 0.1666357600112624 3-0

0.5141046566037638 0.16345456980775852
0.5142328434433591 0.15345539143480436 3-1

0.5141046566037638 0.16345456980775852
0.5184491547312556 0.15444760938704943 3-2

0.5184491547312556 0.15444760938704943
0.5141046566037638 0.16345456980775852 3-3

0.5142328434433591 0.15345539143480436
0.5141046566037638 0.16345456980775852 3-3

0.5046241487645639 0.1666357600112624
0.5141046566037638 0.16345456980775852 3-3

0.4166490056044426 0.0469222170185748
0.5141046566037638 0.16345456980775852 3-3 0.4653768311041032 0.10518839341316666 5.08

0.5802653070698933 0.4339095182780902
0.5141046566037638 0.16345456980775852 3-3 0.5471849818368286 0.29868204404292437 9.29

0.945256739111804 0.14965441544104874
0.5141046566037638 0.16345456980775852 3-3 0.7296806978577839 0.15655449262440363 14.39

0.5802653070698933 0.4339095182780902
0.5877207832368504 0.44057404190127103 4-0

0.5802653070698933 0.4339095182780902
0.5833540942557675 0.44342053261518277 4-1

0.5802653070698933 0.4339095182780902
0.5726284094723005 0.42745368408846907 4-2

0.5726284094723005 0.42745368408846907
0.5802653070698933 0.4339095182780902 4-3

0.5833540942557675 0.44342053261518277
0.5802653070698933 0.4339095182780902 4-3

0.5877207832368504 0.44057404190127103
0.5802653070698933 0.4339095182780902 4-3

0.5515649751452893 0.5362560887834975
0.5802653070698933 0.4339095182780902 4-3 0.5659151411075913 0.48508280353079386 3.56

0.5141046566037638 0.16345456980775852
0.5802653070698933 0.4339095182780902 4-3 0.5471849818368286 0.29868204404292437 9.29

0.4166490056044426 0.0469222170185748
0.41165969567984484 0.03825579985366114 5-0

0.4166490056044426 0.0469222170185748
0.42615245424752335 0.05003420414713544 5-1

0.4166490056044426 0.0469222170185748
0.4256151352000875 0.042494066154602154 5-2

0.4256151352000875 0.042494066154602154
0.4166490056044426 0.0469222170185748 5-3

0.42615245424752335 0.05003420414713544
0.4166490056044426 0.0469222170185748 5-3

0.41165969567984484 0.03825579985366114
0.4166490056044426 0.0469222170185748 5-3

0.6954627044222476 0.26156990561470594
0.4166490056044426 0.0469222170185748 5-3 0.5560558550133451 0.15424606131664037 11.78

0.5141046566037638 0.16345456980775852
0.4166490056044426 0.0469222170185748 5-3 0.4653768311041032 0.10518839341316666 5.08

0.5515649751452893 0.5362560887834975
0.5445453045232003 0.5433781828826638 6-0

0.5515649751452893 0.5362560887834975
0.561306261483677 0.5385160313654102 6-1

0.5515649751452893 0.5362560887834975
0.557189045394548 0.5445246940970557 6-2

0.557189045394548 0.5445246940970557
0.5515649751452893 0.5362560887834975 6-3

0.561306261483677 0.5385160313654102
0.5515649751452893 0.5362560887834975 6-3

0.5445453045232003 0.5433781828826638
0.5515649751452893 0.5362560887834975 6-3

0.6954627044222476 0.26156990561470594
0.5515649751452893 0.5362560887834975 6-3 0.6235138397837685 0.3989129971991017 10.35

0.2963882134273026 0.8153832289357774
0.5515649751452893 0.5362560887834975 6-3 0.42397659428629597 0.6758196588596375 12.62

0.5802653070698933 0.4339095182780902
0.5515649751452893 0.5362560887834975 6-3 0.5659151411075913 0.48508280353079386 3.56

0.2963882134273026 0.8153832289357774
0.28778835053560986 0.8102800575449571 7-0

0.2963882134273026 0.8153832289357774
0.2900344323782116 0.807661217126656 7-1

0.2963882134273026 0.8153832289357774
0.29978380110124697 0.8059773805238287 7-2

0.29978380110124697 0.8059773805238287
0.2963882134273026 0.8153832289357774 7-3

0.2900344323782116 0.807661217126656
0.2963882134273026 0.8153832289357774 7-3

0.28778835053560986 0.8102800575449571
0.2963882134273026 0.8153832289357774 7-3

0.5515649751452893 0.5362560887834975
0.2963882134273026 0.8153832289357774 7-3 0.42397659428629597 0.6758196588596375 12.62

0.7182223134592701 0.975287909828516
0.2963882134273026 0.8153832289357774 7-3 0.5073052634432864 0.8953355693821468 15.05

0.7850970380411237 0.3472534430706288
0.7950604590322263 0.3463989009979047 8-0

0.7850970380411237 0.3472534430706288
0.7805755538148802 0.33833401593701584 8-1

0.7850970380411237 0.3472534430706288
0.7759392713805114 0.35127032118550566 8-2

0.7759392713805114 0.35127032118550566
0.7850970380411237 0.3472534430706288 8-3

0.7805755538148802 0.33833401593701584
0.7850970380411237 0.3472534430706288 8-3

0.7950604590322263 0.3463989009979047
0.7850970380411237 0.3472534430706288 8-3

0.6954627044222476 0.26156990561470594
0.7850970380411237 0.3472534430706288 8-3 0.7402798712316856 0.30441167434266736 4.15

0.9011123327045603 0.24497508171889493
0.7850970380411237 0.3472534430706288 8-3 0.843104685372842 0.29611426239476185 5.17

0.7182223134592701 0.975287909828516
0.7850970380411237 0.3472534430706288 8-3 0.751659675750197 0.6612706764495724 21.07

0.6954627044222476 0.26156990561470594
0.6972946880461797 0.2517391459288198 9-0

0.6954627044222476 0.26156990561470594
0.7048931405674587 0.2582432144491338 9-1

0.6954627044222476 0.26156990561470594
0.697958100660659 0.27125355149904734 9-2

0.697958100660659 0.27125355149904734
0.6954627044222476 0.26156990561470594 9-3

0.7048931405674587 0.2582432144491338
0.6954627044222476 0.26156990561470594 9-3

0.6972946880461797 0.2517391459288198
0.6954627044222476 0.26156990561470594 9-3

0.5515649751452893 0.5362560887834975
0.6954627044222476 0.26156990561470594 9-3 0.6235138397837685 0.3989129971991017 10.35

0.7850970380411237 0.3472534430706288
0.6954627044222476 0.26156990561470594 9-3 0.7402798712316856 0.30441167434266736 4.15

0.4166490056044426 0.0469222170185748
0.6954627044222476 0.26156990561470594 9-3 0.5560558550133451 0.15424606131664037 11.78

